/*--------------------------------*- C++ -*----------------------------------*\
| =========                 |                                                 |
| \\      /  F ield         | OpenFOAM: The Open Source CFD Toolbox           |
|  \\    /   O peration     | Version:                                        |
|   \\  /    A nd           | Website:  www.openfoam.com                      |
|    \\/     M anipulation  |                                                 |
\*---------------------------------------------------------------------------*/
FoamFile
{
    version     2.0;
    format      ascii;
    class       volScalarField;
    location    "28.7";
    object      p;
}
// * * * * * * * * * * * * * * * * * * * * * * * * * * * * * * * * * * * * * //

dimensions      [0 2 -2 0 0 0 0];


internalField   nonuniform List<scalar> 
1164
(
0.0646153
0.0510819
0.0272611
-0.00111461
-0.0320274
-0.0612908
0.14531
0.134072
0.112153
0.0833188
0.050451
0.0175487
-0.0139847
-0.0419432
-0.0683219
-0.0966724
0.193263
0.184404
0.165368
0.13834
0.106746
0.0744139
0.0432349
0.0151311
-0.0115323
-0.0406374
0.206634
0.200031
0.184413
0.161461
0.134308
0.10653
0.0797955
0.0549836
0.031107
0.0046035
0.199115
0.194199
0.181745
0.163683
0.142395
0.120293
0.0988303
0.0784198
0.0587225
0.0369515
0.178939
0.175489
0.166422
0.153459
0.138344
0.12272
0.106601
0.0905203
0.0743977
0.0574345
0.155229
0.152623
0.146438
0.137525
0.127152
0.11662
0.105629
0.0944391
0.0820673
0.068721
0.132599
0.13073
0.126646
0.12066
0.11373
0.106731
0.0992379
0.0916989
0.0833875
0.0729764
0.113053
0.111857
0.109104
0.105114
0.100486
0.0958264
0.0907046
0.0853956
0.0801491
0.0726468
0.0968634
0.0959881
0.094053
0.0913427
0.0882269
0.0850776
0.0816042
0.0777514
0.0742597
0.0693491
0.0833218
0.0826906
0.081291
0.0793403
0.0771535
0.0749312
0.0725527
0.0697528
0.0672385
0.0640936
0.071439
0.0710352
0.0700458
0.0686348
0.067071
0.0654787
0.0638463
0.0618594
0.0599679
0.0579796
0.0609225
0.0606653
0.0599906
0.0589944
0.0578891
0.0567624
0.0556487
0.0543079
0.0528727
0.0516402
0.0517418
0.0515409
0.0511109
0.0504677
0.0497474
0.0489849
0.0482104
0.0473402
0.0462437
0.0454952
0.0441529
0.0439826
0.0436914
0.0432631
0.0427963
0.0422782
0.0417035
0.041146
0.0402896
0.0398401
0.0379461
0.0378206
0.0375905
0.0372452
0.0368918
0.0365131
0.0360547
0.0356796
0.0349975
0.0347195
0.0324512
0.0323637
0.0322
0.0319485
0.0316815
0.0314191
0.0310613
0.0308146
0.0302804
0.0301049
0.0276606
0.027596
0.0274705
0.0272752
0.0270565
0.0268824
0.0266077
0.0264539
0.0260414
0.0259291
0.0234849
0.0234315
0.0233486
0.0232331
0.0230719
0.0229645
0.0227415
0.0226506
0.022325
0.022249
0.0199734
0.019932
0.0198629
0.0197774
0.0196497
0.0195778
0.0193957
0.0193339
0.0190766
0.0190193
0.0168721
0.0168374
0.0167849
0.0167312
0.0166256
0.0165806
0.016429
0.01639
0.0161836
0.016141
0.0142429
0.0142146
0.0141684
0.0141288
0.014046
0.0140086
0.013881
0.0138453
0.0136769
0.0136359
0.0120166
0.0119951
0.0119412
0.0118823
0.0117969
0.0117527
0.0116447
0.0116024
0.0114647
0.0114204
0.00985824
0.0098412
0.00980639
0.00977635
0.00971206
0.00968744
0.00960121
0.00957401
0.00946357
0.00942779
0.00802781
0.0080139
0.0079825
0.00795564
0.00790439
0.007879
0.00780997
0.00778101
0.00769435
0.00765969
0.00639038
0.00638132
0.00635094
0.00631923
0.00627294
0.00625022
0.00619665
0.00617134
0.00610201
0.00607086
0.00475905
0.00475208
0.00473348
0.00472085
0.00468174
0.00471319
0.00466556
0.0046471
0.00459873
0.00457712
0.00330667
0.00330055
0.00328908
0.00329019
0.00327036
0.00326235
0.00323851
0.00323205
0.00320094
0.00318562
0.00197822
0.0019736
0.00196851
0.00196895
0.00195939
0.00195513
0.0019399
0.00192869
0.00190951
0.00190363
0.000671315
0.000668991
0.000666433
0.000666692
0.000663313
0.000662072
0.000655943
0.000654244
0.000646909
0.000645061
-0.101856
-0.101553
-0.105301
-0.105832
-0.105696
-0.105302
-0.104376
-0.102698
-0.100381
-0.0975179
-0.094142
-0.0903197
-0.0861747
-0.0818082
-0.0772935
-0.0727228
-0.0681841
-0.0637469
-0.0594801
-0.0554425
-0.0516837
-0.0482464
-0.0451681
-0.0424818
-0.0402218
-0.0384281
-0.0371515
-0.0364629
-0.0456475
-0.0526737
-0.0589017
-0.0627997
-0.0702812
-0.0729111
-0.0761567
-0.078989
-0.0808038
-0.0817085
-0.0818774
-0.0813042
-0.0800149
-0.0781302
-0.0757592
-0.0729655
-0.0698494
-0.0665142
-0.0630453
-0.0595258
-0.0560402
-0.0526554
-0.0494359
-0.0464385
-0.0437122
-0.0413026
-0.0392535
-0.0376121
-0.0364355
-0.0357982
-0.00419541
-0.0140798
-0.0225442
-0.0297449
-0.0391564
-0.0434444
-0.0498358
-0.0550049
-0.0589197
-0.0620098
-0.0642746
-0.0656523
-0.0662293
-0.0661149
-0.0653514
-0.064027
-0.0622454
-0.0600983
-0.0576726
-0.055068
-0.0523682
-0.0496505
-0.0469925
-0.0444578
-0.0421082
-0.0399996
-0.0381842
-0.0367168
-0.0356579
-0.0350816
0.0266408
0.0158552
0.00655434
-0.00271965
-0.0128928
-0.0188029
-0.0275517
-0.0338797
-0.0393147
-0.0440613
-0.0479508
-0.0509455
-0.0531313
-0.0545226
-0.0551777
-0.0551874
-0.0546344
-0.0535962
-0.0521703
-0.050451
-0.0485202
-0.0464697
-0.044377
-0.042317
-0.0403599
-0.0385682
-0.0370041
-0.0357268
-0.0347988
-0.034292
0.0471199
0.0367351
0.0275059
0.0177345
0.00764092
0.000497664
-0.00933537
-0.0160006
-0.0224043
-0.0282788
-0.0333373
-0.0375765
-0.0409985
-0.0436093
-0.0454691
-0.0466385
-0.0471695
-0.0471388
-0.0466388
-0.0457465
-0.0445545
-0.0431499
-0.0416133
-0.0400274
-0.0384637
-0.036995
-0.0356869
-0.0346038
-0.0338103
-0.0333745
0.0592743
0.0497415
0.0410026
0.0314713
0.0222322
0.0147571
0.00504281
-0.00148063
-0.00857287
-0.0150883
-0.0208143
-0.0258232
-0.0300854
-0.0336146
-0.0364305
-0.0385508
-0.0400007
-0.0408588
-0.0411834
-0.0410517
-0.0405497
-0.0397545
-0.0387546
-0.0376269
-0.0364511
-0.0352992
-0.0342421
-0.0333483
-0.0326837
-0.0323159
0.0650369
0.0565568
0.0486716
0.0399499
0.0317783
0.0246046
0.0156661
0.00948287
0.00201122
-0.00457665
-0.0104956
-0.0158456
-0.0205992
-0.0247323
-0.0282328
-0.0310603
-0.0332515
-0.0348439
-0.0358767
-0.0364226
-0.0365426
-0.0363175
-0.0358222
-0.0351371
-0.0343373
-0.0334973
-0.0326894
-0.0319823
-0.0314443
-0.0311425
0.0661958
0.0588367
0.0521141
0.0445279
0.0374584
0.030806
0.0228266
0.0170736
0.00966275
0.00348845
-0.00229711
-0.00770997
-0.012665
-0.0171301
-0.0210303
-0.0243329
-0.027069
-0.0292262
-0.0308448
-0.0319592
-0.032626
-0.0329095
-0.0328796
-0.032608
-0.0321677
-0.0316321
-0.0310694
-0.0305499
-0.0301399
-0.029905
0.064181
0.0580083
0.0525124
0.046089
0.0401795
0.0341742
0.0271853
0.0219649
0.0150054
0.00947868
0.00397625
-0.00131285
-0.00626122
-0.0108158
-0.0148661
-0.0184428
-0.0215165
-0.024078
-0.0261393
-0.0277125
-0.0288397
-0.0295662
-0.029952
-0.0300597
-0.0299587
-0.0297139
-0.0293948
-0.0290656
-0.0287892
-0.0286256
0.0600108
0.0550055
0.050651
0.0453489
0.0405492
0.0353477
0.0294114
0.0247999
0.0185423
0.0137223
0.0085061
0.00348815
-0.00129046
-0.0057133
-0.00975512
-0.0134271
-0.0166696
-0.019482
-0.0218399
-0.0237548
-0.025243
-0.0263371
-0.027079
-0.0275238
-0.0277261
-0.0277509
-0.0276581
-0.0275091
-0.0273612
-0.0272669
0.0548169
0.0507832
0.0473893
0.0430806
0.0392592
0.0349208
0.0300326
0.0260414
0.0206046
0.0164296
0.0115701
0.00692793
0.00247714
-0.00168484
-0.00561195
-0.00923657
-0.0125268
-0.0154514
-0.0179871
-0.0201317
-0.0218865
-0.023266
-0.0243009
-0.0250269
-0.0254951
-0.0257559
-0.0258644
-0.0258769
-0.0258441
-0.0258121
0.0492697
0.0460215
0.0434265
0.0399468
0.036925
0.0333725
0.0294113
0.0260072
0.0213933
0.0177991
0.0134079
0.00924514
0.00523703
0.00138285
-0.00232914
-0.00581534
-0.00905028
-0.0119789
-0.0145858
-0.0168555
-0.018781
-0.0203676
-0.0216269
-0.0225845
-0.0232749
-0.0237387
-0.0240247
-0.0241786
-0.0242465
-0.0242684
0.0437672
0.041166
0.0392216
0.0363966
0.0340097
0.0310942
0.0278746
0.025034
0.0211521
0.0181239
0.0142545
0.010657
0.00712395
0.00360638
0.00017914
-0.00310911
-0.0062036
-0.0090613
-0.011658
-0.013971
-0.0159877
-0.0177039
-0.0191202
-0.020252
-0.0211181
-0.0217535
-0.0221913
-0.0224725
-0.0226335
-0.0227067
0.0385432
0.036506
0.035046
0.0327282
0.0308463
0.0284374
0.0258063
0.0234819
0.020223
0.0177416
0.0143784
0.0113707
0.00828506
0.00513395
0.00202686
-0.000999974
-0.00388815
-0.00660702
-0.00912601
-0.0114167
-0.0134626
-0.0152454
-0.0167641
-0.0180188
-0.0190252
-0.0198008
-0.0203725
-0.02077
-0.0210201
-0.0211428
0.0337174
0.0321316
0.0310064
0.0291233
0.0276518
0.0256475
0.0235204
0.0216152
0.0189041
0.0168886
0.0139961
0.0115234
0.00881944
0.00604519
0.00327466
0.00054909
-0.00209416
-0.00462817
-0.0070159
-0.00922918
-0.0112397
-0.0130317
-0.0145946
-0.015924
-0.0170231
-0.0178999
-0.0185732
-0.0190603
-0.0193793
-0.0195415
0.0293392
0.0280916
0.0272226
0.0257151
0.0245761
0.0229152
0.021224
0.0196458
0.0174226
0.0157709
0.0133078
0.0112759
0.00891098
0.00649747
0.00406589
0.00165097
-0.000728101
-0.00304514
-0.00526647
-0.00736292
-0.00930095
-0.0110621
-0.0126242
-0.0139831
-0.0151302
-0.016073
-0.0168144
-0.0173648
-0.0177338
-0.0179242
0.0253679
0.0243781
0.023728
0.0225284
0.0216552
0.0203002
0.0189644
0.0176583
0.0158545
0.0144894
0.0124095
0.0107328
0.00867854
0.00659812
0.00449599
0.0023837
0.000270648
-0.00181294
-0.00384361
-0.00578595
-0.00761806
-0.00930584
-0.0108353
-0.0121858
-0.0133527
-0.0143281
-0.0151093
-0.0157011
-0.0161027
-0.0163117
0.0218347
0.0210374
0.0205574
0.0195777
0.0189136
0.0178137
0.0167524
0.0156844
0.0142167
0.0130965
0.0113474
0.00997199
0.00819887
0.00643175
0.00463199
0.00279431
0.000933003
-0.000928501
-0.00276082
-0.00453799
-0.00623092
-0.00781561
-0.0092722
-0.0105808
-0.0117288
-0.0126992
-0.013493
-0.0141031
-0.014523
-0.0147443
0.0186967
0.0180698
0.0176968
0.0169037
0.0163875
0.0154992
0.0146598
0.0137934
0.0125993
0.0116895
0.0102299
0.00911433
0.00759796
0.00612933
0.00460213
0.00301336
0.00138666
-0.000253971
-0.00188311
-0.00348216
-0.00502528
-0.00649528
-0.00786131
-0.00910783
-0.0102079
-0.0111578
-0.0119453
-0.0125561
-0.012982
-0.0132087
0.0158933
0.015396
0.0151097
0.014469
0.0140704
0.0133465
0.0126925
0.0119861
0.0110166
0.0102796
0.00906648
0.00816771
0.00687857
0.00567585
0.00438799
0.00302715
0.00162107
0.000192273
-0.00123996
-0.00265498
-0.00403809
-0.00536569
-0.00661926
-0.00777117
-0.00880691
-0.00971421
-0.0104698
-0.0110613
-0.011479
-0.0117025
0.0134317
0.0130431
0.0128069
0.0122963
0.0119784
0.0113883
0.0108781
0.0102986
0.00951567
0.00891686
0.00791702
0.00719726
0.00611416
0.00514344
0.00406204
0.00291132
0.00171523
0.000486638
-0.000759648
-0.00200516
-0.00322864
-0.00441042
-0.00553211
-0.00657604
-0.00753299
-0.00837687
-0.00908479
-0.00964987
-0.0100554
-0.0102703
0.0112568
0.0109508
0.0107615
0.0103562
0.0101054
0.0096265
0.00923384
0.00876141
0.00814065
0.00766007
0.00684817
0.00627915
0.00538039
0.00460863
0.00370562
0.00274565
0.00174357
0.00070806
-0.000350162
-0.0014177
-0.00247866
-0.00351755
-0.00451583
-0.00546154
-0.00633402
-0.0071054
-0.00776074
-0.00829369
-0.00866835
-0.00887192
0.0092999
0.00905808
0.00891177
0.00858902
0.00839698
0.00801021
0.00770886
0.00732966
0.00684085
0.00645547
0.00580104
0.00535084
0.00460592
0.00399087
0.00323678
0.0024441
0.00161501
0.000753425
-0.000131781
-0.00102826
-0.00192533
-0.0028123
-0.00367513
-0.00449816
-0.00525927
-0.00593279
-0.00652471
-0.00700304
-0.00734329
-0.00753231
0.00755635
0.00737103
0.00725457
0.00700337
0.00685726
0.00655142
0.00632189
0.00602384
0.00564224
0.00533846
0.00481768
0.00446815
0.0038617
0.00338243
0.00276283
0.00212472
0.00145844
0.000761464
3.7261e-05
-0.000705728
-0.00145878
-0.00220564
-0.00293128
-0.00362523
-0.00426292
-0.00484496
-0.00536075
-0.00577188
-0.00608089
-0.00624614
0.00599184
0.00585021
0.00576196
0.00556858
0.00545909
0.00522127
0.00504932
0.00481558
0.00452414
0.00428989
0.00388521
0.00362181
0.00314222
0.00278311
0.00228942
0.00179098
0.00126936
0.000722465
0.000152034
-0.000440508
-0.00104814
-0.00165622
-0.00225744
-0.00283201
-0.00336546
-0.00386273
-0.00428142
-0.00461946
-0.00486079
-0.00499126
0.00451995
0.00441472
0.00435254
0.00420533
0.00412858
0.00394482
0.00382216
0.00363778
0.00342026
0.00324442
0.00293505
0.00274306
0.00236976
0.0021095
0.00172514
0.00135094
0.000951485
0.000527704
8.58412e-05
-0.000371552
-0.000833474
-0.00129732
-0.00175621
-0.00219384
-0.00261553
-0.00299619
-0.00331995
-0.00358923
-0.00377332
-0.0038789
0.00314798
0.00307596
0.00303606
0.00293276
0.00288606
0.00275553
0.00267926
0.0025475
0.00240185
0.00228475
0.00206765
0.00194746
0.00167869
0.00151386
0.00123787
0.0009893
0.000715512
0.000419422
0.000103482
-0.000224683
-0.0005543
-0.00088368
-0.0012032
-0.00151495
-0.00181525
-0.00208442
-0.00233103
-0.00253754
-0.0026961
-0.00278348
0.00188311
0.00183698
0.00181956
0.00175204
0.00173621
0.00165078
0.00161954
0.00153784
0.00145502
0.00139777
0.00126339
0.00121387
0.00104405
0.000971322
0.000800896
0.000671153
0.000519265
0.000351474
0.000169741
-1.93218e-05
-0.000214333
-0.000412648
-0.000611332
-0.000809602
-0.000994352
-0.00116665
-0.00132239
-0.00144986
-0.00155162
-0.00160423
0.000640351
0.000618764
0.000621029
0.000586472
0.000595628
0.00055088
0.000556136
0.00051827
0.000489169
0.000480583
0.000418429
0.000424007
0.000342776
0.000342921
0.000265527
0.000236313
0.000180929
0.000123108
6.41284e-05
4.55566e-06
-5.90537e-05
-0.000125303
-0.000194235
-0.000261794
-0.000324593
-0.000384177
-0.000434025
-0.000474605
-0.000503137
-0.000518143
)
;

boundaryField
{
    outlet
    {
        type            fixedValue;
        value           uniform 0;
    }
    upperWall
    {
        type            symmetryPlane;
    }
    lowerWall
    {
        type            symmetryPlane;
    }
    inlet
    {
        type            zeroGradient;
    }
    cylinder
    {
        type            zeroGradient;
    }
    frontAndBack
    {
        type            empty;
    }
    procBoundary3to2
    {
        type            processor;
        value           nonuniform List<scalar> 
43
(
-0.0334312
-0.0504352
-0.0745258
-0.100588
-0.126114
-0.14928
-0.0886128
-0.0886128
-0.112107
-0.13404
-0.158806
-0.0959941
-0.149766
-0.144895
-0.143392
-0.140785
-0.137216
-0.133243
-0.129
-0.124379
-0.11932
-0.11392
-0.108244
-0.102369
-0.0963711
-0.0903575
-0.0844119
-0.0786023
-0.0729982
-0.0676626
-0.0626432
-0.057983
-0.0537158
-0.049869
-0.0464656
-0.0435285
-0.0410817
-0.0391563
-0.0377951
-0.0370641
-0.0959941
-0.0982909
-0.0982909
)
;
    }
    procBoundary3to7
    {
        type            processor;
        value           nonuniform List<scalar> 
30
(
0.0647465
0.145348
0.193244
0.206591
0.199085
0.178919
0.155217
0.132591
0.113048
0.0968616
0.0833234
0.071443
0.0609273
0.0517467
0.0441577
0.0379506
0.0324552
0.027664
0.0234875
0.0199752
0.0168732
0.0142434
0.0120167
0.00985805
0.00802752
0.00639
0.00475834
0.00330633
0.00197804
0.000671232
)
;
    }
}


// ************************************************************************* //
