/*--------------------------------*- C++ -*----------------------------------*\
| =========                 |                                                 |
| \\      /  F ield         | OpenFOAM: The Open Source CFD Toolbox           |
|  \\    /   O peration     | Version:                                        |
|   \\  /    A nd           | Website:  www.openfoam.com                      |
|    \\/     M anipulation  |                                                 |
\*---------------------------------------------------------------------------*/
FoamFile
{
    version     2.0;
    format      ascii;
    class       volScalarField;
    location    "50.2";
    object      p;
}
// * * * * * * * * * * * * * * * * * * * * * * * * * * * * * * * * * * * * * //

dimensions      [0 2 -2 0 0 0 0];


internalField   nonuniform List<scalar> 
1161
(
-0.376634
-0.36092
-0.344388
-0.328028
-0.310796
-0.29133
-0.269888
-0.249199
-0.225592
-0.200032
-0.31798
-0.30024
-0.281435
-0.262033
-0.242893
-0.222355
-0.200734
-0.178625
-0.258408
-0.240364
-0.221382
-0.202436
-0.183216
-0.163531
-0.186665
-0.169355
-0.152973
-0.56476
-0.566933
-0.569993
-0.573898
-0.579352
-0.587094
-0.59696
-0.611372
-0.630189
-0.653244
-0.682426
-0.713831
-0.746388
-0.778541
-0.804462
-0.816839
-0.821582
-0.553654
-0.554395
-0.556201
-0.559657
-0.565914
-0.57543
-0.588546
-0.607243
-0.628849
-0.655001
-0.684347
-0.714186
-0.743248
-0.766705
-0.779036
-0.781349
-0.539711
-0.537743
-0.536853
-0.537841
-0.54125
-0.548829
-0.559306
-0.575126
-0.594353
-0.616268
-0.641759
-0.668689
-0.693684
-0.713832
-0.724679
-0.72116
-0.523911
-0.518888
-0.515025
-0.513274
-0.514084
-0.518757
-0.527306
-0.539848
-0.556529
-0.576179
-0.598529
-0.622352
-0.643988
-0.66011
-0.662379
-0.640768
-0.504919
-0.495941
-0.489522
-0.485906
-0.485525
-0.488556
-0.496247
-0.507244
-0.523143
-0.54127
-0.562114
-0.582775
-0.597572
-0.600958
-0.58439
-0.543349
-0.469894
-0.461014
-0.456283
-0.455992
-0.45974
-0.468116
-0.479484
-0.49655
-0.514228
-0.531703
-0.542519
-0.542961
-0.52721
-0.495088
-0.450172
-0.433576
-0.42881
-0.428872
-0.433058
-0.444938
-0.46022
-0.476006
-0.487492
-0.494193
-0.489371
-0.474337
-0.448436
-0.416257
-0.383022
-0.407753
-0.409818
-0.420912
-0.432374
-0.443725
-0.451229
-0.452246
-0.444367
-0.426937
-0.405106
-0.381151
-0.360666
-0.336236
-0.405211
-0.41228
-0.41888
-0.422187
-0.418609
-0.407873
-0.389873
-0.369137
-0.350203
-0.331495
-0.312111
-0.287398
-0.40345
-0.401157
-0.393373
-0.37983
-0.36247
-0.344088
-0.327361
-0.307499
-0.285658
-0.263714
-0.240945
-0.813739
-0.753808
-0.65456
-0.550142
-0.476658
-0.442811
-0.434968
-0.447365
-0.476092
-0.513952
-0.572798
-0.643579
-0.733056
-0.817136
-0.868213
-0.89892
-0.924068
-0.908052
-0.812654
-0.671415
-0.762059
-0.697567
-0.609384
-0.521299
-0.457373
-0.423077
-0.412671
-0.425106
-0.451735
-0.489205
-0.545552
-0.620963
-0.714368
-0.800009
-0.856744
-0.894419
-0.924073
-0.913538
-0.819213
-0.684192
-0.682887
-0.608543
-0.539244
-0.475058
-0.427928
-0.397147
-0.382916
-0.393395
-0.41685
-0.450881
-0.504902
-0.586258
-0.683209
-0.773936
-0.83619
-0.881571
-0.918896
-0.914515
-0.825472
-0.702583
-0.581043
-0.509554
-0.464976
-0.423405
-0.391169
-0.365651
-0.347881
-0.354233
-0.372968
-0.401479
-0.453327
-0.535227
-0.63985
-0.739052
-0.811831
-0.866512
-0.912866
-0.915749
-0.836199
-0.72216
-0.475235
-0.42264
-0.39986
-0.373365
-0.349134
-0.328853
-0.311682
-0.312626
-0.324158
-0.346
-0.394651
-0.47078
-0.586516
-0.691711
-0.783126
-0.848179
-0.905719
-0.910512
-0.837716
-0.732653
-0.391318
-0.358235
-0.347525
-0.328714
-0.30813
-0.291701
-0.277882
-0.276584
-0.279421
-0.28989
-0.331992
-0.395833
-0.513079
-0.634795
-0.748097
-0.829498
-0.899866
-0.901691
-0.831074
-0.731256
-0.34138
-0.316118
-0.306678
-0.28915
-0.271101
-0.256879
-0.245144
-0.242944
-0.242235
-0.243093
-0.276471
-0.320201
-0.433152
-0.558885
-0.696
-0.803065
-0.886799
-0.886678
-0.815371
-0.725031
-0.644232
-0.299022
-0.278033
-0.269275
-0.252719
-0.237706
-0.226833
-0.216841
-0.211513
-0.208175
-0.206845
-0.230026
-0.259876
-0.34612
-0.47008
-0.599066
-0.762279
-0.853305
-0.863676
-0.790044
-0.703198
-0.627948
-0.257734
-0.247575
-0.241198
-0.226417
-0.212166
-0.201876
-0.192238
-0.185167
-0.179488
-0.177742
-0.196419
-0.220766
-0.260249
-0.358557
-0.481985
-0.657551
-0.790171
-0.821105
-0.751596
-0.670881
-0.600413
-0.226992
-0.22682
-0.222017
-0.208465
-0.194409
-0.182264
-0.170994
-0.164049
-0.15639
-0.150288
-0.161455
-0.180192
-0.196642
-0.258156
-0.357893
-0.516601
-0.677723
-0.742739
-0.702587
-0.635949
-0.566746
-0.191141
-0.203381
-0.199768
-0.184948
-0.167862
-0.152584
-0.138859
-0.130393
-0.12687
-0.123567
-0.126677
-0.138681
-0.154931
-0.197984
-0.294596
-0.429607
-0.568933
-0.630117
-0.624168
-0.579836
-0.52786
-0.505115
-0.157724
-0.173855
-0.172563
-0.157078
-0.138984
-0.123043
-0.111103
-0.104182
-0.100057
-0.0982618
-0.0988233
-0.0949598
-0.0945215
-0.129247
-0.211128
-0.335834
-0.461988
-0.532171
-0.542177
-0.513135
-0.474305
-0.45517
-0.13123
-0.146175
-0.146926
-0.135023
-0.118517
-0.102326
-0.0891031
-0.0813841
-0.0774024
-0.0691082
-0.0614856
-0.0629914
-0.0692741
-0.0835442
-0.127411
-0.221411
-0.334995
-0.402575
-0.428256
-0.421993
-0.395199
-0.396435
-0.107783
-0.120886
-0.122399
-0.111627
-0.0956122
-0.0800256
-0.0670364
-0.0570393
-0.0483904
-0.0409347
-0.0353275
-0.0291616
-0.0249244
-0.0303633
-0.057295
-0.11933
-0.209154
-0.270688
-0.282973
-0.298338
-0.306727
-0.3341
-0.084386
-0.0957178
-0.0978105
-0.0890162
-0.0754164
-0.0604931
-0.0462767
-0.035209
-0.0277664
-0.018556
-0.00705501
0.00211325
0.0128529
0.0240902
0.019374
-0.0123298
-0.0917944
-0.145545
-0.159566
-0.187335
-0.227682
-0.278195
-0.0629311
-0.0736856
-0.0759863
-0.0690086
-0.0559245
-0.0413235
-0.0280173
-0.0164542
-0.00702253
0.00409762
0.0171263
0.0303216
0.0433873
0.0562002
0.0671844
0.0573109
0.0125411
-0.0351448
-0.0682762
-0.110662
-0.169195
-0.235703
-0.0452068
-0.0542877
-0.0560747
-0.0496363
-0.0378002
-0.0243485
-0.0113505
0.000684462
0.0110646
0.0220767
0.0363051
0.0522579
0.0675552
0.0837709
0.100407
0.11002
0.0923974
0.0527921
0.00968851
-0.0443761
-0.11053
-0.1809
-0.0292167
-0.0365566
-0.0378048
-0.0321814
-0.0215197
-0.00895641
0.00342016
0.0152401
0.0255014
0.0374142
0.0514877
0.0684053
0.0846185
0.100323
0.117291
0.129672
0.134477
0.118621
0.0818653
0.0312964
-0.0307522
-0.102048
-0.0148455
-0.0209199
-0.0219396
-0.0168977
-0.00721095
0.00449607
0.0159879
0.0273606
0.0371958
0.0490276
0.061794
0.0781124
0.0954018
0.11029
0.126679
0.138841
0.147203
0.145622
0.129501
0.0981426
0.0487403
-0.0303899
-0.00296431
-0.00773758
-0.00826636
-0.00353276
0.00515125
0.0159046
0.0264824
0.0370362
0.0463858
0.0571881
0.0697907
0.0840162
0.100477
0.113967
0.129168
0.140364
0.147297
0.150682
0.138922
0.117927
0.0861421
0.00890275
0.00707158
0.00363563
0.00358499
0.00787882
0.0155637
0.0251993
0.03484
0.04421
0.0530144
0.0627701
0.0743696
0.0868082
0.101229
0.113409
0.125833
0.135933
0.140907
0.143791
0.134052
0.112979
0.0844009
0.0208352
0.015735
0.0131652
0.0133825
0.0172742
0.0240506
0.0324261
0.0409759
0.0492247
0.0572341
0.0658013
0.0759956
0.0868641
0.0988138
0.109497
0.119084
0.127387
0.130948
0.131735
0.123861
0.104166
0.0770573
0.0299157
0.0226124
0.0208388
0.021409
0.0249409
0.0307833
0.0378783
0.0452229
0.0523159
0.0593077
0.0667154
0.0753326
0.084575
0.0941905
0.103002
0.11039
0.116528
0.119077
0.118483
0.112144
0.0965146
0.0737211
0.0395547
0.0281141
0.0270283
0.0277704
0.0308516
0.0358312
0.0417782
0.0478714
0.0537484
0.0596377
0.0659349
0.0730183
0.0805716
0.0881035
0.0949876
0.10054
0.1047
0.106343
0.104912
0.0994463
0.0875563
0.0691383
0.0434526
0.0321866
0.0316833
0.0326983
0.0354616
0.0395323
0.0442252
0.0490361
0.0537897
0.0586555
0.0638564
0.0695134
0.0754249
0.0811709
0.0862979
0.0902652
0.0928812
0.0935675
0.0917242
0.0867847
0.0773044
0.0627829
0.0430159
0.0357385
0.0356663
0.0365076
0.0385526
0.0416304
0.0452603
0.0490407
0.0528309
0.0567223
0.0608456
0.0652237
0.0697017
0.0739534
0.0775945
0.0802491
0.0816855
0.0815941
0.0795354
0.0750182
0.0673336
0.0559778
0.0408315
0.0379414
0.037798
0.0385191
0.0402179
0.0426365
0.045406
0.0482727
0.0511694
0.0541587
0.05731
0.0605985
0.0638798
0.0668925
0.0693334
0.0709345
0.0715026
0.0708433
0.0686649
0.0646423
0.0583729
0.0495026
0.0379226
0.0386063
0.0389571
0.0398527
0.0412297
0.0429446
0.0448608
0.0468949
0.0490172
0.0512369
0.0535605
0.055938
0.0582414
0.0602631
0.0617673
0.0625564
0.0624933
0.0614632
0.059305
0.0557968
0.0506789
0.0437227
0.0348302
0.039461
0.0398619
0.0404715
0.0413328
0.0424217
0.0436845
0.0450781
0.0465765
0.0481622
0.0498078
0.0514499
0.052976
0.0542226
0.055014
0.0552146
0.0547418
0.0535319
0.0514842
0.0484465
0.0442523
0.0387621
0.0319225
0.0395096
0.0397502
0.0401687
0.040733
0.0414061
0.0421799
0.0430647
0.0440564
0.0451256
0.0462222
0.0472773
0.0482005
0.0488719
0.0491638
0.0489793
0.0482617
0.0469734
0.0450592
0.0424305
0.0389888
0.0346441
0.0293528
0.0389157
0.0391919
0.0395091
0.0398161
0.0401302
0.0405066
0.0409912
0.0415832
0.0422412
0.0429075
0.0435195
0.0440054
0.0442723
0.0442203
0.0437768
0.0429088
0.0416082
0.0398545
0.0375968
0.0347693
0.0313046
0.0271739
0.0382585
0.0384352
0.0385645
0.0386275
0.0386712
0.0387661
0.0389606
0.039251
0.039595
0.039938
0.0402244
0.0403941
0.0403723
0.0400841
0.039481
0.0385502
0.0372973
0.0357157
0.0337745
0.0314297
0.0286381
0.0253791
0.0373783
0.0374301
0.0374151
0.0373173
0.0371849
0.0370863
0.0370679
0.0371289
0.0372344
0.0373367
0.0373867
0.0373328
0.0371165
0.036683
0.0359997
0.0350621
0.0338806
0.0324582
0.0307793
0.0288176
0.0265429
0.0239383
0.0363775
0.0363458
0.0362333
0.0360271
0.0357732
0.0355356
0.03536
0.0352521
0.0351845
0.0351147
0.0349979
0.0347906
0.0344479
0.0339297
0.0332131
0.0322982
0.0311983
0.0299216
0.0284619
0.0268022
0.0249207
0.022805
0.0353837
0.0352811
0.0350933
0.0348116
0.0344781
0.0341506
0.0338718
0.0336486
0.033458
0.0332629
0.033026
0.0327134
0.0322912
0.0317288
0.0310096
0.0301353
0.0291194
0.0279717
0.0266908
0.025266
0.0236825
0.0219305
0.0344301
0.0342727
0.0340342
0.033711
0.0333391
0.0329659
0.0326255
0.0323236
0.0320428
0.0317555
0.0314336
0.0310509
0.0305809
0.0299997
0.0292949
0.0284682
0.0275316
0.026494
0.0253564
0.0241128
0.0227529
0.0212698
0.0335499
0.033357
0.0330942
0.0327604
0.0323824
0.0319942
0.0316206
0.0312671
0.0309234
0.0305708
0.0301891
0.0297585
0.0292589
0.0286724
0.0279894
0.0272105
0.0263443
0.0253978
0.0243728
0.0232661
0.0220714
0.0207841
0.032784
0.0325726
0.0323056
0.0319825
0.0316195
0.0312378
0.0308537
0.030472
0.0300875
0.0296892
0.0292643
0.0287993
0.0282805
0.0276948
0.0270344
0.0262979
0.0254902
0.0246157
0.0236758
0.022669
0.0215916
0.0204414
0.032184
0.0319655
0.0317066
0.031405
0.0310678
0.030705
0.0303253
0.0299321
0.0295239
0.0290958
0.0286412
0.0281524
0.0276207
0.0270369
0.0263945
0.0256903
0.0249259
0.024103
0.023222
0.022282
0.0212816
0.0202205
0.0318243
0.0316052
0.0313568
0.031075
0.0307602
0.0304151
0.0300436
0.0296482
0.0292296
0.0287865
0.028316
0.0278141
0.0272752
0.0266926
0.0260605
0.0253747
0.0246345
0.0238399
0.0229904
0.0220853
0.0211243
0.0201082
-0.124203
-0.136226
-0.14127
-0.155027
-0.17169
-0.102827
-0.112124
-0.115233
-0.124754
-0.136028
-0.0808417
-0.0869384
-0.0909276
-0.0964627
-0.10964
-0.0637441
-0.0690278
-0.0737081
-0.0800971
-0.0915842
-0.0548117
-0.0591903
-0.0639065
-0.0714331
-0.0400026
-0.0424083
-0.0450672
-0.0510335
-0.0256437
-0.0269398
-0.029449
-0.0348904
-0.0143441
-0.0154202
-0.017523
-0.0215532
-0.00477857
-0.00504757
-0.00603647
-0.00881691
0.00437255
0.00476696
0.00430423
0.00199114
0.0121936
0.0127219
0.0125005
0.010761
0.0186477
0.0193717
0.0195372
0.0184823
0.0242474
0.0251029
0.0254285
0.0246814
0.0286869
0.0294961
0.0298639
0.0294384
0.0321792
0.0329531
0.0333001
0.0330211
0.0347269
0.0352459
0.0356246
0.0358714
0.0366706
0.0374157
0.0380688
0.0382632
0.038427
0.038823
0.0388488
0.0386621
0.0386095
0.0386856
0.03884
0.0391349
0.0387156
0.0389989
0.0392548
0.0394036
0.0387125
0.0387986
0.0387966
0.0387897
0.0381194
0.0381086
0.0381016
0.0381367
0.0374615
0.0374369
0.0373976
0.0373595
0.036709
0.03663
0.0365279
0.0364257
0.0358751
0.035761
0.0356241
0.0354845
0.0350465
0.0349058
0.0347421
0.0345737
0.0342514
0.0340902
0.0339094
0.033723
0.033532
0.0333596
0.033171
0.0329753
0.0329553
0.0327768
0.0325856
0.0323857
0.0326096
0.032427
0.0322345
0.0320318
)
;

boundaryField
{
    outlet
    {
        type            fixedValue;
        value           nonuniform 0();
    }
    upperWall
    {
        type            symmetryPlane;
    }
    lowerWall
    {
        type            symmetryPlane;
    }
    inlet
    {
        type            zeroGradient;
    }
    cylinder
    {
        type            zeroGradient;
    }
    frontAndBack
    {
        type            empty;
    }
    procBoundary6to2
    {
        type            processor;
        value           nonuniform List<scalar> 
37
(
-0.576745
-0.581274
-0.586674
-0.59256
-0.599255
-0.606904
-0.616077
-0.627917
-0.643218
-0.663463
-0.689115
-0.717349
-0.750056
-0.781966
-0.806477
-0.822119
-0.829064
-0.824624
-0.766568
-0.662938
-0.554016
-0.48086
-0.44929
-0.444183
-0.458231
-0.489464
-0.528668
-0.587323
-0.656426
-0.738606
-0.820615
-0.869642
-0.89411
-0.914657
-0.894576
-0.798917
-0.653895
)
;
    }
    procBoundary6to5
    {
        type            processor;
        value           nonuniform List<scalar> 
63
(
-0.389463
-0.389463
-0.351573
-0.334681
-0.334681
-0.29457
-0.276318
-0.276318
-0.239487
-0.221428
-0.203692
-0.203692
-0.173121
-0.157101
-0.141838
-0.141838
-0.563587
-0.553482
-0.553482
-0.542079
-0.529706
-0.515775
-0.483525
-0.483525
-0.445092
-0.445092
-0.413896
-0.413896
-0.40012
-0.40012
-0.402876
-0.402876
-0.11644
-0.0985761
-0.0790501
-0.0613168
-0.0509082
-0.0509082
-0.0381346
-0.0250383
-0.0138934
-0.00470273
0.00375609
0.0113015
0.0176297
0.0231212
0.0276335
0.031186
0.0339493
0.0359147
0.0377059
0.03835
0.0383925
0.0384683
0.0380391
0.0374209
0.0367246
0.0359368
0.0351427
0.0343777
0.0336794
0.0331178
0.0327832
)
;
    }
    procBoundary6to7
    {
        type            processor;
        value           nonuniform List<scalar> 
42
(
-0.540518
-0.565332
-0.594007
-0.619145
-0.638251
-0.645346
-0.645346
-0.593989
-0.587967
-0.572336
-0.54283
-0.54283
-0.522354
-0.471994
-0.421352
-0.371975
-0.33186
-0.298091
-0.247238
-0.183663
-0.13847
-0.113067
-0.0850938
-0.0460845
-0.0120955
0.00729676
0.0170631
0.0217781
0.0236589
0.0241066
0.0238061
0.0231608
0.0224094
0.0216722
0.0210151
0.020461
0.0200134
0.0196659
0.019406
0.0192206
0.0191013
0.0190403
)
;
    }
}


// ************************************************************************* //
