/*--------------------------------*- C++ -*----------------------------------*\
| =========                 |                                                 |
| \\      /  F ield         | OpenFOAM: The Open Source CFD Toolbox           |
|  \\    /   O peration     | Version:                                        |
|   \\  /    A nd           | Website:  www.openfoam.com                      |
|    \\/     M anipulation  |                                                 |
\*---------------------------------------------------------------------------*/
FoamFile
{
    version     2.0;
    format      ascii;
    class       volVectorField;
    location    "88.6";
    object      U;
}
// * * * * * * * * * * * * * * * * * * * * * * * * * * * * * * * * * * * * * //

dimensions      [0 1 -1 0 0 0 0];


internalField   nonuniform List<vector> 
1147
(
(0.0639876 0.155339 1.24598e-20)
(0.0258435 0.0540835 4.94384e-20)
(-0.00163916 -0.000600042 1.80669e-19)
(0.0230013 0.00193307 -2.40281e-19)
(0.0303786 0.0122821 8.66741e-20)
(0.00607173 0.0177914 3.74957e-20)
(-0.0188955 -0.00210571 -2.40785e-20)
(-0.0763972 0.02106 1.46916e-19)
(-0.0981927 0.0752385 -2.84834e-20)
(-0.0189551 0.0960945 -2.66106e-20)
(-0.109393 0.164593 7.73755e-20)
(-0.0698882 0.0586964 2.78092e-19)
(-0.056765 -0.0255431 -9.86789e-20)
(-0.0188752 -0.034591 -1.34365e-20)
(-0.0148482 0.00158974 1.28935e-19)
(-0.0567027 0.0255526 -2.0847e-19)
(-0.0531488 0.0531039 7.31896e-20)
(0.0516499 0.055566 -6.83898e-20)
(0.503866 -0.109694 3.17911e-20)
(0.760654 -0.23202 2.10141e-21)
(-0.290466 0.0653681 -1.71025e-20)
(-0.217389 -0.0268151 -2.28232e-19)
(-0.115801 -0.0830386 4.56768e-20)
(-0.0318043 -0.0779489 -2.73125e-20)
(-0.0191911 -0.0107551 -5.16422e-20)
(0.00330716 0.0443826 7.40476e-20)
(0.364244 -0.04388 -5.01977e-20)
(0.776047 -0.197292 -4.36045e-20)
(0.964418 -0.256312 2.42798e-21)
(1.09903 -0.32899 -5.13769e-21)
(-0.390972 0.0224424 3.90061e-20)
(-0.267191 -0.0939266 8.54089e-20)
(-0.0794865 -0.181082 -3.39503e-20)
(0.0133745 -0.149884 -3.7542e-21)
(0.0397377 -0.0489628 3.43577e-20)
(0.467011 -0.0831149 7.01629e-20)
(0.890018 -0.20421 1.11898e-19)
(1.08721 -0.280085 -4.01427e-20)
(1.16196 -0.304946 -4.48429e-20)
(1.21153 -0.352896 -8.08748e-21)
(-0.404441 0.0529788 3.69381e-19)
(-0.192832 -0.112359 -1.13711e-19)
(-0.0344852 -0.209002 4.14756e-20)
(0.0587477 -0.16989 2.01937e-20)
(0.444628 -0.13533 1.73818e-19)
(0.938425 -0.206661 -1.43394e-20)
(1.14895 -0.282237 -5.25292e-20)
(1.1985 -0.294312 1.06628e-19)
(1.23414 -0.31874 1.48373e-21)
(1.22366 -0.341391 1.82863e-20)
(-0.302704 0.101614 -2.32237e-19)
(-0.0593353 -0.062181 -1.33198e-19)
(0.191571 -0.176288 1.08753e-19)
(0.498672 -0.199272 -6.88575e-20)
(0.943709 -0.222941 -7.64525e-21)
(1.2129 -0.280068 1.71162e-19)
(1.2268 -0.294148 -8.41072e-21)
(1.24831 -0.293529 -1.65663e-20)
(1.24 -0.315611 -1.1294e-20)
(1.21707 -0.323624 7.61997e-21)
(-0.0639433 0.162815 3.7761e-21)
(0.296831 0.00335141 1.48569e-19)
(0.636967 -0.148141 -1.20913e-19)
(0.989022 -0.222229 1.64129e-19)
(1.26309 -0.264384 -3.71507e-19)
(1.2954 -0.289518 -1.15746e-19)
(1.2567 -0.279493 -1.90677e-20)
(1.26609 -0.289252 1.27352e-20)
(1.22539 -0.299474 2.93329e-21)
(1.21527 -0.309377 -3.4332e-21)
(0.205107 0.238052 -7.10768e-20)
(0.658982 0.0580601 4.22494e-19)
(1.03059 -0.122337 -1.21287e-19)
(1.2943 -0.20876 -1.70036e-20)
(1.36497 -0.249568 1.68424e-19)
(1.2965 -0.260331 7.02307e-20)
(1.28152 -0.262052 -6.98814e-20)
(1.25374 -0.275322 2.97568e-20)
(1.22116 -0.282071 -2.26191e-20)
(1.20622 -0.295338 6.45609e-21)
(0.517941 0.252892 3.16532e-19)
(0.967601 0.0751486 2.87892e-19)
(1.26973 -0.0888955 -2.12528e-19)
(1.38891 -0.166074 3.1467e-21)
(1.34143 -0.203705 1.06035e-19)
(1.29657 -0.226303 -4.21862e-20)
(1.28137 -0.240788 2.60215e-20)
(1.23838 -0.255384 8.92876e-21)
(1.22355 -0.266303 -3.25812e-20)
(1.19096 -0.279909 2.23574e-21)
(0.773542 0.236285 -2.40173e-19)
(1.17083 0.0739285 -4.51826e-19)
(1.35036 -0.0606872 5.1341e-19)
(1.35478 -0.117194 -9.28346e-20)
(1.30442 -0.167091 -1.1005e-19)
(1.29255 -0.196673 -2.04506e-20)
(1.2614 -0.216926 6.02942e-20)
(1.23291 -0.238265 -5.67724e-20)
(1.21318 -0.24751 -3.4052e-21)
(1.18315 -0.265391 -1.63379e-21)
(1.25774 0.0544675 1.96251e-19)
(1.32726 -0.0389422 -1.91632e-19)
(1.29523 -0.0932217 6.56947e-20)
(1.28542 -0.144598 5.25649e-20)
(1.2743 -0.172019 -9.50152e-21)
(1.239 -0.200392 2.0927e-20)
(1.22786 -0.215186 1.5138e-20)
(1.19401 -0.235346 1.98959e-20)
(1.17909 -0.243811 7.11885e-21)
(1.27247 0.0272905 -8.5855e-21)
(1.26622 -0.0414919 6.95562e-20)
(1.25976 -0.0847875 2.05701e-20)
(1.27089 -0.133594 -1.05076e-19)
(1.24167 -0.154546 -8.90286e-21)
(1.22892 -0.18475 -5.40954e-20)
(1.20938 -0.198955 -4.9815e-21)
(1.18719 -0.218988 -7.25176e-21)
(1.16708 -0.230722 -4.10253e-21)
(1.21326 -0.0454624 -6.53025e-20)
(1.24616 -0.0891517 3.74558e-20)
(1.24705 -0.126575 -9.86973e-20)
(1.21477 -0.14244 -2.51119e-20)
(1.22687 -0.174526 1.30388e-20)
(1.18664 -0.185117 -1.0443e-20)
(1.19023 -0.207254 1.30188e-20)
(1.15174 -0.216906 5.28676e-22)
(1.18491 -0.0528129 9.07362e-20)
(1.2432 -0.106028 1.21136e-20)
(1.21013 -0.107797 5.41009e-20)
(1.21731 -0.148916 5.24032e-20)
(1.20486 -0.155521 2.32874e-20)
(1.18451 -0.180868 4.81072e-21)
(1.17305 -0.192147 -1.16909e-20)
(1.14832 -0.205816 2.03897e-21)
(1.23808 -0.0938069 -2.15725e-20)
(1.1814 -0.119203 -2.19226e-20)
(1.22302 -0.132254 -3.43062e-20)
(1.17454 -0.15497 -9.10228e-23)
(1.18565 -0.164857 5.84311e-22)
(1.1498 -0.183099 2.48901e-21)
(1.14573 -0.192231 1.57909e-21)
(1.20338 -0.104148 1.93209e-20)
(1.18046 -0.110607 3.50155e-20)
(1.20618 -0.130376 -9.23468e-21)
(1.16139 -0.143716 -3.19813e-21)
(1.1767 -0.158456 2.32667e-20)
(1.14098 -0.171459 -9.34545e-21)
(1.13944 -0.182441 9.74956e-22)
(1.15629 -0.0997688 6.70924e-21)
(1.19977 -0.10577 -8.21861e-21)
(1.17197 -0.129826 8.70574e-21)
(1.16968 -0.13145 1.0765e-20)
(1.1599 -0.156199 4.53423e-21)
(1.14372 -0.159224 4.76007e-21)
(1.13168 -0.176037 6.01926e-22)
(1.20182 -0.107269 -2.18058e-20)
(1.15608 -0.121795 -8.37956e-23)
(1.17107 -0.130593 -2.23024e-20)
(1.14602 -0.144861 2.26011e-21)
(1.1405 -0.155825 -5.43238e-21)
(1.12156 -0.163924 -1.16203e-21)
(1.18305 -0.102017 7.18202e-23)
(1.15996 -0.112197 1.48245e-20)
(1.1595 -0.123412 -2.11058e-21)
(1.14009 -0.133281 -5.511e-22)
(1.13011 -0.148918 -9.7175e-22)
(1.11346 -0.156392 -4.97596e-22)
(1.16719 -0.102323 7.63577e-21)
(1.15943 -0.104886 -2.51397e-20)
(1.14654 -0.119518 1.7484e-21)
(1.13403 -0.132165 -1.3638e-21)
(1.12081 -0.139994 7.90309e-22)
(1.10853 -0.153848 -3.83116e-23)
(0.161291 0.812128 -3.68317e-20)
(0.214645 0.890612 -8.27536e-20)
(0.266615 0.915856 2.04468e-21)
(0.310163 0.88515 1.89951e-23)
(0.334408 0.808225 2.28021e-19)
(0.341644 0.704528 -2.77095e-20)
(0.323743 0.58357 5.56836e-20)
(0.284336 0.46036 2.7708e-19)
(0.253316 0.356456 2.03397e-19)
(0.166206 0.259873 -3.55931e-19)
(0.15345 1.06771 4.62984e-20)
(0.172886 1.07641 -8.23811e-20)
(0.185193 1.04209 -1.73786e-19)
(0.184626 0.969572 6.61568e-20)
(0.172858 0.86703 -3.50163e-19)
(0.163625 0.74748 -1.19063e-19)
(0.140961 0.608866 -6.72248e-20)
(0.0922161 0.456378 3.90102e-20)
(0.107384 0.363273 -9.48216e-20)
(-0.00425257 0.262306 1.21295e-19)
(0.172576 0.950835 3.16513e-20)
(0.159281 0.93386 5.23404e-20)
(0.13714 0.897451 2.31129e-19)
(0.0950579 0.83156 -1.40894e-19)
(0.0332565 0.733839 4.43587e-19)
(-0.0151956 0.627513 8.4851e-20)
(-0.0575508 0.496323 2.44435e-19)
(-0.139987 0.310608 8.48636e-21)
(-0.0884527 0.224934 5.2345e-20)
(-0.209159 0.14215 -1.59315e-20)
(0.121372 0.830485 -2.3362e-20)
(0.0671609 0.81496 -1.36504e-19)
(0.00752418 0.784726 5.56301e-20)
(-0.0734028 0.713589 -1.03237e-19)
(-0.142554 0.633803 -3.53553e-19)
(-0.206271 0.519637 8.9223e-20)
(-0.267937 0.341542 -1.72949e-19)
(-0.205335 0.19849 -4.9931e-19)
(-0.365327 0.0958574 -1.49828e-19)
(-0.250317 0.631099 5.52229e-19)
(-0.339688 0.545868 1.45214e-19)
(-0.349877 0.427595 -2.95246e-19)
(-0.323128 0.265167 2.44527e-19)
(-0.492362 0.152005 2.53847e-19)
(-0.434551 0.498826 -9.12643e-20)
(-0.415928 0.442642 -9.05406e-20)
(-0.44582 0.303671 -3.13268e-19)
(-0.517159 0.227585 -5.98024e-20)
(-0.473044 0.439711 5.94187e-20)
(-0.502131 0.341321 4.44218e-20)
(-0.38774 0.284702 -2.76768e-20)
(-0.456368 0.373207 1.43548e-19)
(-0.208159 0.331654 7.10884e-20)
(0.0127853 0.357833 -5.21602e-19)
(1.10309 -0.132603 4.58978e-23)
(1.09674 -0.126518 -1.34146e-22)
(1.09108 -0.115512 3.45902e-22)
(1.08768 -0.111011 -1.63963e-22)
(1.08416 -0.100705 -3.51757e-22)
(1.08282 -0.0924622 -1.36428e-23)
(1.08107 -0.0821328 5.21984e-22)
(1.07612 -0.0722632 -1.41317e-22)
(1.06889 -0.0617627 -5.06945e-22)
(1.06183 -0.0524466 9.27527e-22)
(1.05596 -0.0446604 -3.49812e-22)
(1.05108 -0.0382476 1.27739e-22)
(1.04624 -0.0329117 -7.4519e-22)
(1.04201 -0.0284445 8.51649e-22)
(1.03922 -0.0250843 -4.85997e-22)
(1.03726 -0.02229 3.41521e-22)
(1.03524 -0.0197594 -1.50807e-22)
(1.03276 -0.01724 -7.52564e-23)
(1.02993 -0.014795 -8.44136e-24)
(1.02708 -0.0126147 -2.3903e-23)
(1.02442 -0.0107172 -2.86251e-23)
(1.02209 -0.00908831 -1.56349e-22)
(1.02016 -0.00767419 3.09321e-23)
(1.01859 -0.00639189 -2.93433e-22)
(1.01726 -0.00522004 -7.79866e-23)
(1.0162 -0.00416309 1.7501e-22)
(1.01533 -0.00324956 -4.81449e-24)
(1.01467 -0.00210028 -1.70902e-23)
(1.01432 -0.00125012 1.45254e-22)
(1.0141 -0.000565842 -3.33456e-22)
(1.11369 -0.130389 -1.49203e-21)
(1.1053 -0.123929 2.84721e-22)
(1.09868 -0.101677 -1.18913e-22)
(1.09716 -0.0873476 -1.95423e-22)
(1.09468 -0.072083 -6.70634e-23)
(1.0901 -0.0637744 6.50658e-23)
(1.08511 -0.057646 9.37225e-22)
(1.08166 -0.0522886 -1.90145e-21)
(1.077 -0.0465965 -1.06025e-21)
(1.06985 -0.0397009 2.59944e-21)
(1.0624 -0.0329916 -3.92102e-23)
(1.05576 -0.0269308 2.22449e-22)
(1.05004 -0.0218919 -4.77146e-22)
(1.04483 -0.0181095 9.41188e-22)
(1.0402 -0.0153353 7.2604e-22)
(1.03609 -0.0136666 -1.27588e-21)
(1.0324 -0.012549 -2.01951e-22)
(1.02921 -0.0117681 1.13255e-21)
(1.02658 -0.011115 -1.57782e-21)
(1.02445 -0.0104101 -1.15064e-23)
(1.02269 -0.00957239 8.89201e-22)
(1.02111 -0.0086211 5.41263e-22)
(1.01973 -0.00760251 -7.16493e-23)
(1.01851 -0.00652314 5.5079e-22)
(1.01742 -0.00540547 -3.75977e-23)
(1.01652 -0.0043044 -2.32318e-22)
(1.01576 -0.00332798 2.03779e-22)
(1.01515 -0.00215161 2.50776e-23)
(1.01478 -0.00127923 -3.53096e-22)
(1.01453 -0.000573276 2.61573e-22)
(1.12601 -0.118687 2.52062e-21)
(1.11955 -0.115203 -2.41242e-22)
(1.10922 -0.105506 1.2894e-21)
(1.09994 -0.0981008 6.29871e-22)
(1.09255 -0.0875928 2.80678e-21)
(1.08739 -0.0786273 -1.33962e-21)
(1.08376 -0.0682286 -6.37575e-21)
(1.07908 -0.0598364 4.72286e-21)
(1.07276 -0.051366 -6.14667e-22)
(1.06685 -0.0448749 -3.42315e-21)
(1.06105 -0.0394356 3.68485e-21)
(1.05503 -0.0345974 -1.1183e-21)
(1.04851 -0.0304707 -1.30087e-21)
(1.04317 -0.0270957 2.85719e-21)
(1.03938 -0.0242804 -3.72387e-22)
(1.03677 -0.021759 -2.40615e-22)
(1.03463 -0.0193978 -2.76664e-21)
(1.03223 -0.0169524 1.05107e-21)
(1.02965 -0.0144929 2.41282e-22)
(1.02709 -0.0122774 1.82694e-22)
(1.02467 -0.0103617 7.13271e-22)
(1.02245 -0.00876154 -8.88944e-23)
(1.02062 -0.00741894 -1.59554e-22)
(1.01903 -0.00620085 -1.51104e-21)
(1.01767 -0.00509884 1.34071e-21)
(1.01659 -0.00410078 -1.34922e-21)
(1.01571 -0.00322039 -1.38841e-22)
(1.01504 -0.00210653 -3.53935e-22)
(1.01464 -0.00126197 -9.49608e-23)
(1.01437 -0.000565455 5.06279e-22)
(1.13328 -0.116358 3.71256e-21)
(1.12416 -0.106782 -1.22393e-21)
(1.11847 -0.0871726 3.6224e-22)
(1.11559 -0.0756524 -7.84693e-22)
(1.10928 -0.0646423 2.88455e-21)
(1.10235 -0.0581278 -3.27308e-21)
(1.0975 -0.0549442 -5.11526e-22)
(1.09225 -0.0498368 5.99897e-21)
(1.08427 -0.0438142 -6.73597e-21)
(1.07534 -0.0378532 -6.35294e-22)
(1.06721 -0.0319599 3.55038e-21)
(1.05889 -0.0255852 -6.04627e-21)
(1.05217 -0.0201465 2.13254e-21)
(1.04641 -0.015848 2.85801e-21)
(1.04107 -0.0124635 -2.9844e-21)
(1.03667 -0.0105736 4.74712e-21)
(1.03315 -0.00968427 4.07865e-22)
(1.03007 -0.00929746 -1.53546e-22)
(1.02739 -0.00914507 -4.97255e-21)
(1.02512 -0.00893876 3.57216e-21)
(1.02321 -0.00850101 -6.02363e-22)
(1.02153 -0.0078812 -5.87432e-22)
(1.02018 -0.00711787 -1.19209e-21)
(1.01889 -0.00619319 1.73296e-21)
(1.01779 -0.0052016 6.22079e-22)
(1.0169 -0.00419097 -8.18092e-22)
(1.01612 -0.00327023 5.48251e-23)
(1.0155 -0.00214491 6.93586e-22)
(1.0151 -0.00128291 4.47452e-22)
(1.01481 -0.000570324 -1.73022e-22)
(1.15123 -0.0973546 7.25063e-21)
(1.14134 -0.100748 -6.68961e-22)
(1.12611 -0.0924988 -1.49716e-23)
(1.11345 -0.0801359 6.0881e-22)
(1.103 -0.0675105 3.63181e-21)
(1.09539 -0.0595038 -5.1636e-21)
(1.0905 -0.0513215 5.98647e-21)
(1.08404 -0.0445732 8.16e-22)
(1.07813 -0.0394345 -5.33804e-21)
(1.07483 -0.0374165 3.9074e-21)
(1.06891 -0.0346165 -3.41882e-21)
(1.06078 -0.0312284 4.64824e-22)
(1.05292 -0.0287124 4.18155e-22)
(1.04631 -0.0263505 1.58221e-21)
(1.04072 -0.0237123 -4.71925e-22)
(1.03691 -0.0212523 -1.339e-21)
(1.03415 -0.0188997 -1.75526e-21)
(1.0315 -0.0164738 -5.94583e-24)
(1.02906 -0.0140741 1.626e-21)
(1.02676 -0.0119096 2.04911e-21)
(1.02452 -0.0100253 -1.78206e-21)
(1.02248 -0.00850336 -9.73362e-22)
(1.02079 -0.00723559 8.45394e-22)
(1.01919 -0.00606159 -1.03562e-21)
(1.0179 -0.00503349 -8.93887e-22)
(1.01685 -0.00407872 1.06226e-21)
(1.01596 -0.00321963 -7.7438e-22)
(1.01532 -0.00212926 -4.22581e-22)
(1.01491 -0.00127495 1.53883e-22)
(1.01464 -0.00056475 -1.04552e-21)
(1.07237 -0.0281866 1.13676e-20)
(1.06292 -0.0223017 -4.86793e-21)
(1.05672 -0.0179844 1.16034e-20)
(1.05016 -0.0139178 -6.39211e-21)
(1.04381 -0.0104795 -1.45655e-22)
(1.039 -0.00863452 -3.61172e-21)
(1.03509 -0.00781148 4.3637e-21)
(1.03173 -0.00760283 -2.9914e-21)
(1.02877 -0.00777156 6.5043e-22)
(1.0262 -0.00785612 -1.62683e-21)
(1.02391 -0.00767754 1.86229e-21)
(1.0221 -0.00732645 2.01693e-21)
(1.02062 -0.00674066 9.32036e-22)
(1.0192 -0.0059286 1.16115e-21)
(1.01813 -0.00505901 -2.50005e-21)
(1.01721 -0.00411222 1.80508e-22)
(1.0164 -0.00324061 4.31327e-22)
(1.01579 -0.00215928 1.55305e-21)
(1.01537 -0.00129442 -3.24263e-22)
(1.01509 -0.000570404 -3.00123e-22)
(0.966317 -0.15724 -6.48541e-20)
(0.973107 -0.149271 1.7106e-21)
(0.987244 -0.154397 -3.15712e-20)
(1.0039 -0.157685 -4.00591e-20)
(1.01292 -0.1564 2.87876e-20)
(1.03277 -0.163425 -7.30389e-21)
(1.04281 -0.160771 -7.23016e-21)
(1.06051 -0.163951 -1.7684e-21)
(1.0779 -0.162343 8.61309e-22)
(1.09019 -0.155553 3.87275e-24)
(0.956802 -0.163785 8.19733e-20)
(0.969742 -0.166139 7.8008e-20)
(0.9847 -0.172541 -1.49609e-20)
(1.00236 -0.177255 3.77458e-20)
(1.01522 -0.174713 6.31133e-21)
(1.03663 -0.178529 -2.52287e-20)
(1.05072 -0.174159 3.19701e-21)
(1.06615 -0.173906 2.50892e-22)
(1.08472 -0.170878 -2.75796e-22)
(1.09749 -0.164593 -1.10173e-22)
(0.946183 -0.167315 6.6154e-20)
(0.963864 -0.175647 -7.12871e-20)
(0.98139 -0.182507 -2.2406e-20)
(1.00244 -0.192022 1.10825e-20)
(1.01697 -0.187953 2.38161e-20)
(1.03951 -0.192733 3.90293e-21)
(1.05847 -0.185982 6.30944e-21)
(1.07465 -0.183643 9.45651e-22)
(1.09305 -0.179626 -1.46781e-21)
(1.10804 -0.17416 -1.76574e-23)
(0.936066 -0.175577 4.88627e-20)
(0.956956 -0.185177 -3.48688e-20)
(0.977307 -0.191051 1.02713e-19)
(0.999934 -0.201242 -1.36637e-20)
(1.01924 -0.200327 3.57087e-22)
(1.03899 -0.20197 -3.01427e-21)
(1.0623 -0.200483 -8.27992e-21)
(1.07793 -0.192285 -1.28629e-21)
(1.09951 -0.190822 2.75155e-21)
(1.11346 -0.181536 5.38058e-22)
(0.927761 -0.189712 2.89213e-20)
(0.948555 -0.198173 -5.39589e-20)
(0.972643 -0.202932 -7.45398e-20)
(0.995912 -0.211588 -3.01251e-20)
(1.01881 -0.211262 -1.1033e-20)
(1.03843 -0.212804 -5.63627e-21)
(1.06195 -0.210532 1.42196e-21)
(1.07808 -0.206147 1.35841e-21)
(1.10087 -0.198149 -2.83487e-22)
(1.11315 -0.193681 -1.04053e-21)
(0.921089 -0.205028 3.17679e-20)
(0.943063 -0.214848 5.18502e-21)
(0.968563 -0.217804 2.15808e-20)
(0.993459 -0.225639 3.91267e-20)
(1.01851 -0.224828 -1.01429e-20)
(1.03859 -0.224972 4.06011e-21)
(1.0641 -0.22257 7.37496e-22)
(1.07938 -0.218312 2.84026e-22)
(1.1044 -0.210089 -6.44861e-22)
(1.11566 -0.204269 1.56406e-21)
(0.913807 -0.221749 -3.6796e-20)
(0.938219 -0.232068 8.13424e-20)
(0.966914 -0.236252 -4.01013e-20)
(0.99215 -0.241682 -4.88438e-20)
(1.02108 -0.241841 -7.55858e-21)
(1.04146 -0.240306 -4.79783e-21)
(1.06767 -0.237007 -2.2222e-22)
(1.08786 -0.232947 5.93479e-22)
(1.10894 -0.22394 -2.00416e-21)
(1.13005 -0.217074 1.99418e-21)
(0.904974 -0.239423 -1.11141e-19)
(0.93266 -0.250458 2.59517e-20)
(0.964347 -0.254113 2.94251e-20)
(0.992552 -0.260622 6.16241e-21)
(1.02146 -0.259066 1.42125e-20)
(1.04916 -0.258312 1.43801e-21)
(1.06982 -0.252393 3.75468e-21)
(1.09902 -0.249048 -6.41625e-21)
(1.11334 -0.238405 9.03272e-21)
(1.14497 -0.231452 -2.30064e-21)
(0.895628 -0.258483 1.02824e-19)
(0.925152 -0.270452 -3.83093e-20)
(0.958874 -0.273629 2.26642e-20)
(0.991174 -0.27832 -2.41305e-21)
(1.01931 -0.278547 1.18174e-21)
(1.05067 -0.274767 -1.97033e-21)
(1.07419 -0.27018 -8.72852e-21)
(1.10041 -0.262417 5.82543e-22)
(1.12271 -0.254678 -2.33913e-21)
(1.14449 -0.243872 -3.65072e-21)
(0.88721 -0.27904 -7.43449e-20)
(0.920716 -0.292038 -3.21435e-20)
(0.95327 -0.295292 9.84093e-21)
(0.989149 -0.297723 8.61921e-21)
(1.01968 -0.297066 -1.76404e-20)
(1.04917 -0.293302 3.16301e-21)
(1.07958 -0.285805 3.25434e-21)
(1.1002 -0.279765 -9.50263e-22)
(1.13159 -0.267227 8.58989e-21)
(1.1468 -0.261158 3.56652e-21)
(0.878747 -0.30421 1.98885e-19)
(0.917426 -0.315931 5.54886e-20)
(0.953793 -0.320695 -5.18854e-20)
(0.987998 -0.320899 9.91425e-21)
(1.02404 -0.318602 -3.12186e-21)
(1.05235 -0.314061 -6.28801e-21)
(1.08549 -0.305284 -4.47013e-21)
(1.109 -0.296466 -3.49249e-21)
(1.13681 -0.286866 2.60625e-21)
(1.1615 -0.273772 -3.52945e-22)
(0.871266 -0.332931 -8.43523e-20)
(0.912211 -0.343438 -3.20891e-20)
(0.954207 -0.347305 3.4562e-20)
(0.993354 -0.347587 3.40761e-22)
(1.02756 -0.342207 1.25216e-22)
(1.06309 -0.336104 -5.02084e-21)
(1.09071 -0.326759 2.53647e-21)
(1.12172 -0.314339 4.38116e-21)
(1.14383 -0.304842 -3.00553e-21)
(1.17289 -0.290848 -1.00265e-20)
(0.860798 -0.36326 3.98778e-20)
(0.907993 -0.373555 2.08696e-20)
(0.94846 -0.376261 -2.82294e-21)
(0.996199 -0.37436 -8.96159e-22)
(1.03119 -0.368442 8.26038e-21)
(1.06816 -0.358161 2.14712e-21)
(1.10146 -0.347903 1.1547e-20)
(1.12505 -0.333428 -7.42847e-21)
(1.15804 -0.321071 -1.44258e-20)
(1.17356 -0.307574 1.16368e-20)
(0.848984 -0.396502 1.0648e-20)
(0.905438 -0.405461 2.78483e-22)
(0.949216 -0.407844 8.19297e-21)
(0.996273 -0.402827 4.44849e-22)
(1.03999 -0.394683 -2.97543e-20)
(1.07196 -0.3823 -1.88572e-20)
(1.11268 -0.368757 -4.07371e-20)
(1.13312 -0.352681 1.69776e-20)
(1.16772 -0.337612 5.38905e-21)
(1.1831 -0.32417 -8.2826e-21)
(0.83979 -0.437813 1.29946e-20)
(0.900378 -0.443977 1.80829e-20)
(0.953203 -0.444481 2.73447e-21)
(1.00128 -0.437066 -8.0266e-21)
(1.0482 -0.42553 -1.11659e-20)
(1.08458 -0.40936 1.85807e-20)
(1.12169 -0.393602 3.73451e-20)
(1.14919 -0.373775 -4.34102e-20)
(1.1752 -0.35666 2.01312e-20)
(1.19934 -0.340913 -3.14822e-22)
(0.834196 -0.482308 2.54713e-20)
(0.899501 -0.486575 -2.11975e-20)
(0.958893 -0.483148 3.62794e-21)
(1.01144 -0.471666 -3.52257e-21)
(1.06159 -0.457409 6.56661e-20)
(1.09881 -0.435394 -4.80655e-20)
(1.13902 -0.418367 -4.83998e-21)
(1.16214 -0.393163 2.67686e-20)
(1.19191 -0.377575 3.45911e-20)
(1.20757 -0.353282 4.02122e-21)
(0.827394 -0.535896 -9.00885e-21)
(0.895154 -0.538255 2.49629e-20)
(0.966995 -0.530908 -1.94906e-20)
(1.01823 -0.512816 3.31232e-20)
(1.07918 -0.493033 -2.24983e-20)
(1.11097 -0.464568 4.41002e-20)
(1.15814 -0.443508 9.40984e-20)
(1.17138 -0.416121 -2.56018e-20)
(1.20565 -0.398384 -3.57549e-20)
(1.20144 -0.370616 -1.0493e-20)
(0.827999 -0.593444 4.58669e-20)
(0.895503 -0.593678 -7.38905e-21)
(0.979072 -0.585545 -6.48484e-21)
(1.03047 -0.563058 1.50243e-20)
(1.0972 -0.537411 -3.49462e-20)
(1.12576 -0.500241 5.10796e-20)
(1.16973 -0.469994 -6.53213e-20)
(1.16899 -0.437178 1.33911e-20)
(1.18757 -0.412612 -9.70441e-21)
(1.14604 -0.381716 -4.24016e-21)
(0.828927 -0.657893 -1.56021e-20)
(0.912482 -0.644979 2.40046e-20)
(0.995994 -0.619702 -2.88691e-21)
(1.05683 -0.580906 -1.50031e-20)
(1.10714 -0.539865 4.40308e-20)
(1.12616 -0.488551 -5.72902e-20)
(1.12808 -0.443513 -7.30256e-20)
(1.0832 -0.392864 -1.46771e-21)
(1.03064 -0.362382 2.69386e-21)
(0.875953 -0.307776 2.58217e-20)
(0.612028 -0.612471 1.53724e-20)
(0.683016 -0.592449 -1.01542e-19)
(0.730018 -0.552955 -1.97097e-20)
(0.768583 -0.499956 1.63164e-19)
(0.761946 -0.437944 -1.634e-19)
(0.750113 -0.373404 6.21091e-20)
(0.668066 -0.30466 -4.17361e-20)
(0.583091 -0.235467 1.36153e-20)
(0.374952 -0.178401 2.42375e-20)
(0.0859694 -0.0352464 1.67222e-20)
(0.884192 -0.0873898 -1.09775e-19)
(0.900619 -0.108817 -1.01341e-19)
(0.915631 -0.118692 3.29007e-20)
(0.934286 -0.139657 5.09073e-21)
(0.866122 -0.0768147 -6.1438e-20)
(0.87871 -0.0915325 -2.64354e-20)
(0.897231 -0.114471 2.80095e-20)
(0.915131 -0.125474 9.36281e-20)
(0.927487 -0.13893 2.37451e-20)
(0.834771 -0.0385312 -6.0008e-20)
(0.843242 -0.0596288 2.14493e-20)
(0.856696 -0.0833851 4.95456e-20)
(0.870784 -0.0988007 1.78139e-19)
(0.889652 -0.120674 -2.66781e-20)
(0.911583 -0.138076 -1.24968e-19)
(0.920002 -0.14629 -1.67612e-20)
(0.814992 0.0355164 -4.87691e-21)
(0.812789 0.00894972 4.55382e-20)
(0.815466 -0.0159603 5.9103e-21)
(0.821963 -0.0421411 -6.48646e-21)
(0.831392 -0.0649298 1.19632e-20)
(0.845466 -0.0910143 -6.30293e-20)
(0.86031 -0.108741 -1.7323e-19)
(0.877904 -0.128301 1.73823e-19)
(0.903581 -0.149866 9.23295e-20)
(0.913766 -0.160944 -1.06343e-19)
(0.798694 0.0388961 -3.96403e-21)
(0.797039 0.00946104 1.09806e-20)
(0.799878 -0.0179392 3.08157e-23)
(0.80699 -0.0464407 -1.54236e-20)
(0.817073 -0.0710181 7.69313e-20)
(0.831899 -0.0989802 2.75546e-20)
(0.847985 -0.12107 9.66647e-21)
(0.864252 -0.138629 2.25536e-20)
(0.89131 -0.160905 6.35866e-20)
(0.906422 -0.176161 -2.85047e-20)
(0.780423 0.0421314 7.61974e-21)
(0.779268 0.00971438 3.24515e-20)
(0.782298 -0.0203569 7.08784e-21)
(0.789854 -0.0515481 2.35077e-20)
(0.800805 -0.0781767 -1.21886e-19)
(0.816209 -0.106827 9.58613e-20)
(0.833708 -0.133968 -2.9288e-20)
(0.850185 -0.152539 -7.30901e-20)
(0.877301 -0.173049 -1.61965e-20)
(0.89755 -0.191252 -2.10396e-20)
(0.759306 0.0453024 -6.58555e-21)
(0.758387 0.00967496 3.13879e-20)
(0.761676 -0.0230882 -5.61978e-21)
(0.76955 -0.0573862 -2.30377e-20)
(0.781314 -0.0870957 -7.77785e-21)
(0.798198 -0.115831 -9.24172e-20)
(0.816953 -0.146362 1.36602e-19)
(0.834805 -0.168588 -6.98589e-20)
(0.862264 -0.187722 -1.8796e-20)
(0.886361 -0.207231 7.08816e-20)
(0.735713 0.0485324 -6.27574e-22)
(0.734775 0.00943819 -3.255e-20)
(0.738512 -0.0261732 -1.1845e-19)
(0.747025 -0.0635575 1.15901e-20)
(0.75944 -0.0974294 -5.08463e-20)
(0.778287 -0.126815 3.11392e-20)
(0.799792 -0.159077 -1.01344e-19)
(0.819116 -0.185121 1.08428e-19)
(0.846841 -0.204476 -1.59451e-20)
(0.874293 -0.224178 -6.16634e-20)
(0.70881 0.0520002 1.09634e-20)
(0.707789 0.00887637 1.80144e-20)
(0.712236 -0.0301037 9.00881e-20)
(0.722024 -0.0703306 8.62064e-21)
(0.735192 -0.108715 -2.71698e-20)
(0.755496 -0.140184 1.13245e-20)
(0.780895 -0.173601 -8.43209e-20)
(0.803489 -0.203239 4.5464e-20)
(0.831751 -0.223376 -3.09922e-20)
(0.861638 -0.243087 1.04638e-19)
(0.679264 0.0558443 -1.77977e-20)
(0.678232 0.00820889 -4.02275e-20)
(0.683369 -0.0346304 -2.55323e-20)
(0.695029 -0.0778471 5.88966e-20)
(0.709458 -0.12093 6.10321e-20)
(0.730547 -0.155076 4.55106e-20)
(0.76037 -0.189726 -5.82496e-20)
(0.788384 -0.222862 3.75454e-22)
(0.818434 -0.244914 -2.65311e-20)
(0.850066 -0.264729 -5.63369e-20)
(0.646022 0.0597291 1.85753e-20)
(0.645226 0.00708525 8.60786e-21)
(0.651103 -0.0405395 3.53371e-20)
(0.665033 -0.0866394 -9.55391e-20)
(0.682382 -0.134455 2.77405e-20)
(0.702929 -0.17215 -3.77751e-20)
(0.73505 -0.208029 -1.46184e-19)
(0.769696 -0.244445 -1.95017e-20)
(0.804915 -0.269377 -1.17293e-19)
(0.839625 -0.290693 -1.23599e-19)
(0.609345 0.0638767 -3.70225e-20)
(0.609123 0.00569038 6.46985e-20)
(0.615585 -0.047317 4.54769e-20)
(0.631396 -0.0970687 -3.79112e-20)
(0.653832 -0.149948 4.39035e-20)
(0.675639 -0.191714 6.30759e-20)
(0.708114 -0.228165 1.47524e-19)
(0.747295 -0.267075 1.35585e-19)
(0.788095 -0.294722 1.96155e-20)
(0.827911 -0.318526 1.40418e-19)
(0.567622 0.0677626 2.42008e-20)
(0.568146 0.00364231 2.26069e-20)
(0.575384 -0.0556798 -4.75965e-20)
(0.591972 -0.109406 2.30841e-20)
(0.621048 -0.167749 -1.60313e-19)
(0.6471 -0.215744 -1.85868e-20)
(0.67973 -0.253572 -4.26898e-20)
(0.721149 -0.293341 6.2515e-20)
(0.767899 -0.322732 -2.71947e-20)
(0.811993 -0.347626 -1.86091e-19)
(0.521169 0.0715499 -4.38974e-21)
(0.522689 0.000869877 -5.17155e-20)
(0.531618 -0.0653955 -2.18909e-20)
(0.547433 -0.123847 1.14442e-19)
(0.582065 -0.187238 2.95249e-19)
(0.616263 -0.242844 -3.85531e-20)
(0.65432 -0.284187 -1.12304e-19)
(0.697307 -0.32548 -5.26465e-20)
(0.748235 -0.35599 -4.68467e-20)
(0.798222 -0.381301 3.51517e-21)
(0.467102 0.0751809 -1.56154e-20)
(0.469542 -0.00291599 7.00536e-20)
(0.481784 -0.0773403 -2.85831e-20)
(0.496793 -0.141906 -4.03256e-20)
(0.534939 -0.209165 -3.03786e-19)
(0.576006 -0.272833 1.8952e-19)
(0.621742 -0.320184 1.24872e-19)
(0.671224 -0.363987 -1.12361e-19)
(0.72778 -0.39655 1.55506e-19)
(0.785427 -0.422546 6.79432e-20)
(0.407257 0.0789313 1.16125e-20)
(0.410079 -0.00796337 2.99176e-20)
(0.427652 -0.0916491 5.53293e-21)
(0.44364 -0.164196 -9.2627e-20)
(0.483134 -0.235001 1.76953e-19)
(0.530994 -0.3047 -2.77326e-19)
(0.586811 -0.358271 6.89276e-20)
(0.641931 -0.406148 1.09222e-19)
(0.70457 -0.440225 -1.91551e-19)
(0.772753 -0.467221 -1.39697e-19)
(0.335385 0.0822209 1.48106e-20)
(0.338505 -0.0144312 7.84791e-21)
(0.362159 -0.108946 6.76421e-20)
(0.383619 -0.193652 -1.02192e-19)
(0.426694 -0.27006 2.07273e-19)
(0.477085 -0.345829 6.83518e-20)
(0.542071 -0.404736 9.19979e-20)
(0.609886 -0.457921 1.26313e-20)
(0.677076 -0.493924 7.86877e-20)
(0.753343 -0.521705 9.14494e-20)
(0.255775 0.085579 -1.29868e-20)
(0.259779 -0.0214372 -4.54377e-20)
(0.286739 -0.126691 -1.67385e-19)
(0.316826 -0.224537 1.50673e-19)
(0.364745 -0.308915 -2.35134e-19)
(0.42648 -0.392811 -6.09988e-20)
(0.498105 -0.45442 -8.05197e-20)
(0.574023 -0.513181 -3.30709e-20)
(0.659974 -0.551095 -7.68428e-20)
(0.735909 -0.579201 -1.32349e-20)
(0.15571 0.0898916 1.92168e-20)
(0.162815 -0.0344382 -5.53259e-21)
(0.191851 -0.153505 1.69605e-20)
(0.231934 -0.266528 6.2654e-20)
(0.286309 -0.368345 1.99106e-19)
(0.351975 -0.45899 -1.14704e-20)
(0.447965 -0.531989 1.81238e-20)
(0.524699 -0.590919 6.21316e-20)
(0.63677 -0.631031 -6.18389e-20)
(0.723298 -0.653058 3.27924e-20)
(0.0477117 0.0775279 6.96353e-21)
(0.0556117 -0.0374487 -3.98932e-20)
(0.0796504 -0.14754 4.3033e-20)
(0.115454 -0.253221 8.21211e-21)
(0.162868 -0.35321 -2.75292e-20)
(0.219014 -0.434242 -1.64461e-19)
(0.297873 -0.505753 1.48024e-19)
(0.367419 -0.559596 -7.43059e-20)
(0.456402 -0.596788 4.68302e-20)
(0.533839 -0.614421 -1.74287e-20)
(0.929497 -0.102658 1.06173e-22)
(0.902442 -0.10499 2.85335e-20)
(0.915412 -0.117434 -1.25618e-19)
(0.93767 -0.140278 -4.35118e-20)
(0.962293 -0.0985178 0)
(0.976579 -0.103343 0)
(0.976436 -0.0992833 0)
(0.976083 -0.0936004 0)
(0.977662 -0.0884477 0)
(0.980727 -0.0826543 0)
(0.985405 -0.0758045 0)
(0.991223 -0.0689286 0)
(0.997989 -0.0628346 0)
(1.00451 -0.0576433 0)
(1.01065 -0.053749 0)
(1.01526 -0.0497834 0)
(1.01802 -0.0455207 0)
(1.01972 -0.040867 0)
(1.02074 -0.0363251 0)
(1.02095 -0.0317051 0)
(1.02059 -0.0272797 0)
(1.02007 -0.0233947 0)
(1.01951 -0.0201908 0)
(1.01888 -0.0174571 0)
(1.01816 -0.0150509 0)
(1.01737 -0.0129109 0)
(1.01653 -0.010949 0)
(1.01566 -0.00915408 0)
(1.01477 -0.00750588 0)
(1.0139 -0.00598378 0)
(1.01315 -0.00447813 0)
(1.01265 -0.00264318 0)
(1.01159 -0.00135428 0)
(1.01138 -0.000562583 0)
(0.946855 -0.13043 0)
(0.958724 -0.11443 0)
(0.969491 -0.105515 0)
(0.974317 -0.0992791 0)
(0.977634 -0.0945592 0)
(0.981284 -0.0907314 0)
(0.985523 -0.0865017 0)
(0.990742 -0.0807966 0)
(0.99557 -0.0740986 0)
(1.00054 -0.0681208 0)
(1.00557 -0.062706 0)
(1.01053 -0.0581481 0)
(1.01452 -0.053324 0)
(1.01764 -0.0485403 0)
(1.01993 -0.0437478 0)
(1.02072 -0.038706 0)
(1.02056 -0.0334173 0)
(1.02022 -0.028359 0)
(1.01998 -0.023808 0)
(1.01964 -0.0199689 0)
(1.01904 -0.0167548 0)
(1.01823 -0.0140256 0)
(1.0173 -0.0116841 0)
(1.01631 -0.0096442 0)
(1.01531 -0.00783084 0)
(1.01435 -0.0061858 0)
(1.01352 -0.00461481 0)
(1.01301 -0.00267607 0)
(1.01214 -0.00133273 0)
(1.01195 -0.000568881 0)
(0.972306 -0.135153 3.66007e-20)
(0.981594 -0.128618 -3.02025e-20)
(0.980669 -0.120852 3.1045e-20)
(0.979001 -0.113237 -4.80967e-20)
(0.978941 -0.105513 3.27391e-20)
(0.982297 -0.0980812 9.68546e-21)
(0.988938 -0.0898859 -1.5925e-20)
(0.996096 -0.0811701 -8.69177e-21)
(1.00272 -0.0728149 2.3313e-20)
(1.00832 -0.065027 -2.02004e-20)
(1.01364 -0.058712 1.82453e-20)
(1.01826 -0.05288 -1.54022e-20)
(1.02143 -0.0473596 9.90373e-21)
(1.02342 -0.0417748 1.11135e-21)
(1.02464 -0.0367505 -5.90318e-21)
(1.02496 -0.0319375 -6.33692e-21)
(1.02444 -0.0274557 4.08528e-21)
(1.02341 -0.0234282 -2.63257e-21)
(1.02224 -0.0200671 2.8455e-21)
(1.02102 -0.0172018 -4.77404e-21)
(1.01982 -0.0147078 3.53038e-21)
(1.01865 -0.0125279 -1.40616e-21)
(1.01751 -0.0105591 2.84254e-21)
(1.01641 -0.00878108 -2.45076e-21)
(1.01533 -0.0071686 1.56825e-21)
(1.0143 -0.00570512 -1.73074e-22)
(1.0134 -0.00430093 -1.01982e-21)
(1.01288 -0.00247196 3.79954e-22)
(1.01229 -0.00122507 -5.26346e-23)
(1.01213 -0.000548728 5.73015e-22)
(0.97478 -0.12353 -2.67709e-20)
(0.974927 -0.119405 -1.99365e-20)
(0.973012 -0.109887 3.86176e-20)
(0.975211 -0.102996 -5.20639e-20)
(0.979908 -0.0976949 5.05912e-21)
(0.987009 -0.0928223 1.69408e-20)
(0.993056 -0.0866326 -1.25351e-20)
(0.998053 -0.0795368 2.73161e-21)
(1.00207 -0.0718451 -1.34731e-20)
(1.00607 -0.0652631 5.52644e-21)
(1.01043 -0.0592841 1.84108e-20)
(1.01484 -0.0543607 -2.5545e-20)
(1.0183 -0.0493779 1.38067e-20)
(1.02098 -0.0447706 2.58365e-21)
(1.02278 -0.0403412 -1.26681e-20)
(1.02316 -0.0357591 1.45997e-20)
(1.02256 -0.0309506 -7.52841e-21)
(1.02182 -0.0263774 -3.84046e-21)
(1.02123 -0.0222274 1.16706e-20)
(1.02061 -0.0186674 2.60993e-21)
(1.01982 -0.0156734 -8.93623e-21)
(1.01885 -0.0131216 5.8262e-23)
(1.01779 -0.0109289 1.67744e-21)
(1.01671 -0.00901762 5.34692e-22)
(1.01563 -0.00731386 1.99617e-21)
(1.01459 -0.00577378 -1.59464e-21)
(1.01368 -0.0043316 -6.76166e-22)
(1.01317 -0.00248252 9.33048e-22)
(1.01284 -0.00122992 1.25735e-21)
(1.01273 -0.000555598 -3.29794e-22)
(0.995309 -0.131692 6.45971e-20)
(1.00295 -0.135493 -3.28399e-20)
(1.00071 -0.12652 -1.76555e-20)
(0.999192 -0.121439 9.09036e-21)
(0.999072 -0.113638 2.43477e-20)
(1.00126 -0.104357 -2.69148e-20)
(1.0057 -0.0944199 9.07673e-21)
(1.01032 -0.0844458 -1.41991e-20)
(1.01419 -0.075297 1.39798e-20)
(1.01761 -0.0663918 4.69056e-21)
(1.02156 -0.0588662 -1.2631e-20)
(1.02506 -0.0518302 -3.08979e-21)
(1.02722 -0.0453487 5.64953e-21)
(1.02827 -0.0391936 2.71343e-21)
(1.02863 -0.0339617 4.55733e-21)
(1.02833 -0.0292174 -4.05262e-21)
(1.02743 -0.0250692 -1.60294e-21)
(1.02606 -0.0214028 -7.30939e-21)
(1.02445 -0.0183815 1.51492e-20)
(1.02277 -0.0158156 -4.93511e-21)
(1.02116 -0.0135554 -8.22758e-22)
(1.01968 -0.0115642 9.842e-22)
(1.01831 -0.00975698 6.25063e-23)
(1.01704 -0.00811322 1.02445e-21)
(1.01583 -0.00661722 -5.16042e-22)
(1.01469 -0.00526922 -2.0165e-21)
(1.01367 -0.00401201 7.12394e-22)
(1.0131 -0.00232773 1.12525e-21)
(1.01292 -0.00117514 -3.73387e-22)
(1.01283 -0.000542071 4.21386e-22)
(1.00652 -0.131906 -2.16e-21)
(1.00487 -0.129971 3.46983e-20)
(1.00021 -0.112279 -7.75409e-21)
(1.0036 -0.105127 8.61408e-23)
(1.00983 -0.0971675 1.01139e-20)
(1.01769 -0.0906177 -1.41051e-20)
(1.02236 -0.083232 -1.27892e-20)
(1.02367 -0.0755629 1.98682e-20)
(1.02361 -0.0674209 -5.31057e-21)
(1.02386 -0.060424 -1.8168e-20)
(1.02499 -0.0540441 1.23055e-20)
(1.0265 -0.0488968 1.43433e-20)
(1.02756 -0.0440518 -2.19771e-20)
(1.02821 -0.0399767 7.48923e-21)
(1.02824 -0.0362151 8.16866e-21)
(1.02726 -0.0324176 -9.50754e-21)
(1.02554 -0.0283061 1.08611e-20)
(1.02398 -0.024326 -5.78471e-21)
(1.02285 -0.0206345 -1.97958e-21)
(1.02191 -0.017379 1.34677e-21)
(1.02094 -0.0146125 -8.73685e-22)
(1.01983 -0.0122397 -2.02458e-21)
(1.01865 -0.0101969 4.00455e-22)
(1.01746 -0.00841113 2.83306e-21)
(1.01628 -0.00681049 -3.57942e-21)
(1.01516 -0.005365 1.61152e-21)
(1.01413 -0.00405625 -1.22957e-21)
(1.01352 -0.00237935 -1.10916e-21)
(1.01341 -0.0012217 -9.60149e-22)
(1.01333 -0.000555369 2.94077e-22)
(1.01455 -0.136011 -1.34182e-20)
(1.01903 -0.142087 -1.15899e-20)
(1.02317 -0.129314 7.25829e-21)
(1.02843 -0.126916 3.9419e-21)
(1.03139 -0.1166 -2.43272e-21)
(1.03384 -0.105916 5.34176e-21)
(1.03631 -0.0951366 -1.53746e-20)
(1.03837 -0.0844423 9.19662e-21)
(1.03873 -0.0747147 -1.26037e-20)
(1.03802 -0.0651523 -2.88535e-21)
(1.03788 -0.0569978 8.49779e-21)
(1.03774 -0.0494137 5.36356e-21)
(1.03712 -0.0425347 -1.14001e-20)
(1.03599 -0.0361832 5.97424e-21)
(1.03485 -0.0310227 9.49378e-22)
(1.03348 -0.0266019 3.25246e-21)
(1.03173 -0.0229223 -4.04381e-21)
(1.02961 -0.0196741 3.77506e-21)
(1.02728 -0.0169445 -2.73112e-21)
(1.02498 -0.0146112 2.52088e-21)
(1.02288 -0.0125325 5.72279e-22)
(1.02104 -0.0106892 -1.58001e-21)
(1.01944 -0.00901512 -1.42068e-21)
(1.01799 -0.00748543 1.4679e-21)
(1.01664 -0.00609295 1.07627e-21)
(1.0154 -0.00484623 8.43647e-22)
(1.01427 -0.00372783 1.41372e-21)
(1.01354 -0.00223834 -8.1882e-22)
(1.0134 -0.00118928 5.26234e-22)
(1.01331 -0.000546401 -5.76149e-22)
(1.03276 -0.143372 1.37624e-20)
(1.02882 -0.142237 2.1785e-20)
(1.02436 -0.120371 -9.60353e-21)
(1.0284 -0.110375 -3.26941e-21)
(1.03523 -0.0969127 -5.7796e-21)
(1.04194 -0.0885084 7.79668e-21)
(1.04471 -0.0788586 -7.50916e-21)
(1.04371 -0.0694627 -7.46664e-22)
(1.04179 -0.0601342 6.03431e-21)
(1.04034 -0.05225 -3.81156e-21)
(1.03916 -0.0455852 3.22182e-21)
(1.03805 -0.040611 -6.00133e-22)
(1.03664 -0.0364647 -1.46604e-21)
(1.03515 -0.0333503 -1.94775e-21)
(1.03349 -0.0305779 5.96627e-22)
(1.03128 -0.027841 1.7098e-21)
(1.02849 -0.0246943 1.50961e-21)
(1.026 -0.0215546 -1.49341e-21)
(1.02418 -0.0185667 -3.68952e-22)
(1.02282 -0.0158227 -2.37011e-21)
(1.02164 -0.0134205 1.10248e-21)
(1.02045 -0.0113098 4.09132e-22)
(1.01925 -0.00945745 2.79395e-22)
(1.01805 -0.00781261 7.58332e-22)
(1.01689 -0.00631956 -1.04215e-21)
(1.01577 -0.00496343 -3.93238e-22)
(1.01474 -0.00377445 -1.70588e-22)
(1.01401 -0.00228919 -9.95015e-22)
(1.01384 -0.00124007 2.87111e-22)
(1.01374 -0.000561149 -7.65375e-22)
(1.04072 -0.139156 1.02511e-20)
(1.04032 -0.142298 -6.61155e-21)
(1.04187 -0.129192 -6.90575e-22)
(1.04639 -0.127657 1.90761e-21)
(1.0485 -0.116061 -4.06799e-21)
(1.05061 -0.104866 4.13299e-21)
(1.05191 -0.0936213 2.45003e-22)
(1.05186 -0.0828562 -6.2958e-21)
(1.04986 -0.072483 7.04072e-21)
(1.04683 -0.0622805 4.22537e-22)
(1.0447 -0.0535537 -4.30024e-21)
(1.04297 -0.0457811 5.93678e-21)
(1.04102 -0.0390663 -1.92538e-21)
(1.03881 -0.0330637 -2.83241e-21)
(1.03715 -0.0283835 2.67904e-21)
(1.03558 -0.024478 -4.42032e-21)
(1.03365 -0.0212381 6.56571e-22)
(1.03127 -0.0183434 6.86021e-22)
(1.02857 -0.0158286 4.08846e-21)
(1.02589 -0.013659 -4.04547e-21)
(1.02348 -0.0117155 2.84836e-22)
(1.02145 -0.00998233 2.10761e-21)
(1.01974 -0.00841127 -8.9109e-22)
(1.01829 -0.00696964 -1.04811e-21)
(1.01699 -0.00565746 1.32047e-21)
(1.01581 -0.00448829 -6.097e-22)
(1.01476 -0.00347319 -2.06081e-22)
(1.01399 -0.00215518 8.90544e-22)
(1.01375 -0.00120891 1.01119e-21)
(1.01362 -0.00055346 -6.04583e-22)
(1.06198 -0.146063 3.36707e-21)
(1.05919 -0.141135 1.72222e-22)
(1.054 -0.117892 -3.40741e-21)
(1.05444 -0.107721 -2.99391e-22)
(1.0564 -0.0923257 -3.20628e-21)
(1.05796 -0.0834386 2.06854e-21)
(1.05613 -0.0726573 7.57617e-21)
(1.05306 -0.062598 -5.56858e-21)
(1.05041 -0.0534246 1.04764e-21)
(1.04823 -0.0455067 3.73085e-21)
(1.04594 -0.0386748 -3.18874e-21)
(1.04374 -0.0335258 1.11695e-21)
(1.04128 -0.0295749 1.53558e-21)
(1.03867 -0.0269129 -3.30285e-21)
(1.03592 -0.0247736 -1.47582e-22)
(1.03287 -0.0228417 -3.15703e-22)
(1.02952 -0.0205883 1.90765e-21)
(1.02657 -0.0183281 -7.05294e-22)
(1.02439 -0.0161521 1.08754e-21)
(1.02277 -0.0140763 3.35733e-22)
(1.02145 -0.0121667 -1.21839e-21)
(1.02021 -0.0104059 -1.52703e-21)
(1.01903 -0.00879478 8.78658e-22)
(1.01792 -0.00731365 -3.0526e-22)
(1.0169 -0.00592942 -4.52927e-22)
(1.01595 -0.00465052 3.16263e-22)
(1.01508 -0.00354731 -1.91252e-22)
(1.0144 -0.00220978 -8.56768e-22)
(1.01415 -0.00125434 -1.42868e-22)
(1.01401 -0.000567385 5.55876e-22)
(1.07324 -0.139562 -1.72122e-21)
(1.07009 -0.136062 2.41219e-21)
(1.07009 -0.122753 -3.47131e-21)
(1.07103 -0.120389 2.30659e-21)
(1.06962 -0.110172 7.39492e-23)
(1.06957 -0.101421 7.55261e-23)
(1.06882 -0.0907216 -9.41888e-22)
(1.06587 -0.0803574 1.98517e-21)
(1.06043 -0.069315 7.15086e-22)
(1.0544 -0.0587925 -2.65614e-21)
(1.04983 -0.0498685 1.94316e-22)
(1.04635 -0.0423135 -2.45764e-22)
(1.04314 -0.035997 3.45308e-22)
(1.04011 -0.030548 -4.71445e-22)
(1.03807 -0.0264513 -4.21688e-22)
(1.03642 -0.0231242 1.46215e-21)
(1.03447 -0.0202893 5.57672e-22)
(1.03203 -0.0176296 -1.22434e-21)
(1.0292 -0.0151854 1.38286e-21)
(1.02634 -0.0130462 -8.25494e-22)
(1.02373 -0.0111532 -1.41652e-22)
(1.02152 -0.00948472 3.71623e-22)
(1.0197 -0.00799314 3.59872e-22)
(1.01822 -0.00662949 7.01649e-22)
(1.01696 -0.0053852 -3.62014e-22)
(1.01591 -0.00427162 3.76012e-22)
(1.015 -0.00331697 -2.74288e-22)
(1.01431 -0.00210747 1.1944e-22)
(1.01402 -0.00122907 -2.73669e-22)
(1.01386 -0.000560865 2.51955e-22)
(1.08854 -0.141645 -5.32497e-23)
(1.084 -0.13497 2.60664e-22)
(1.07888 -0.111065 -4.56825e-22)
(1.07922 -0.0978523 2.04792e-22)
(1.08017 -0.0814568 3.17758e-22)
(1.07763 -0.072403 -1.85576e-24)
(1.07265 -0.063295 -6.04257e-22)
(1.06844 -0.055613 1.21239e-22)
(1.06486 -0.0485684 5.67557e-22)
(1.06053 -0.0414347 -8.27355e-22)
(1.0555 -0.0347214 2.72889e-22)
(1.05087 -0.0292301 -1.79176e-22)
(1.0466 -0.0249107 8.08649e-22)
(1.04252 -0.0218582 -9.09393e-22)
(1.03865 -0.0195815 6.89457e-22)
(1.0349 -0.01795 -2.56611e-22)
(1.03117 -0.0163838 2.11146e-22)
(1.02791 -0.0149473 1.70106e-23)
(1.0254 -0.0135872 -4.37019e-22)
(1.02346 -0.0122245 3.98578e-22)
(1.02188 -0.0108644 -9.4027e-23)
(1.02045 -0.00951028 -2.1725e-22)
(1.01915 -0.00818882 -1.90488e-22)
(1.018 -0.00690559 -8.67741e-23)
(1.01698 -0.00564913 -6.44897e-23)
(1.01611 -0.00445166 -1.10299e-23)
(1.01536 -0.00341254 4.89189e-23)
(1.01475 -0.00217023 5.77993e-28)
(1.01445 -0.00127023 1.50427e-22)
(1.01426 -0.000572772 -3.09464e-22)
)
;

boundaryField
{
    outlet
    {
        type            zeroGradient;
    }
    upperWall
    {
        type            symmetryPlane;
    }
    lowerWall
    {
        type            symmetryPlane;
    }
    inlet
    {
        type            fixedValue;
        value           nonuniform 0();
    }
    cylinder
    {
        type            fixedValue;
        value           uniform (0 0 0);
    }
    frontAndBack
    {
        type            empty;
    }
    procBoundary1to0
    {
        type            processor;
        value           nonuniform List<vector> 
45
(
(0.87301 -0.0720352 3.2498e-20)
(0.87301 -0.0720352 3.2498e-20)
(0.889849 -0.0840993 -2.15013e-20)
(0.846627 -0.0355113 -1.34339e-20)
(0.85413 -0.0549678 -1.202e-19)
(0.85413 -0.0549678 -1.202e-19)
(0.829381 0.0320777 6.30873e-21)
(0.826697 0.00818461 3.26684e-20)
(0.829088 -0.0142842 5.70022e-20)
(0.829088 -0.0142842 5.70022e-20)
(0.939644 -0.104825 -8.97214e-20)
(0.907107 -0.0809186 -5.78295e-20)
(0.918376 -0.086995 -2.50568e-20)
(0.918376 -0.086995 -2.50568e-20)
(0.889849 -0.0840993 -2.15013e-20)
(0.93978 -0.0961963 0)
(0.947938 -0.0882528 0)
(0.959948 -0.0841672 0)
(0.968092 -0.082451 0)
(0.972604 -0.0803736 0)
(0.97551 -0.0785907 0)
(0.979107 -0.0762409 0)
(0.984926 -0.0729776 0)
(0.990917 -0.0690188 0)
(0.996883 -0.0653114 0)
(1.00213 -0.0616183 0)
(1.00643 -0.0577022 0)
(1.00986 -0.0531455 0)
(1.01289 -0.0484796 0)
(1.01534 -0.0437607 0)
(1.01648 -0.0387376 0)
(1.01692 -0.033556 0)
(1.01733 -0.0286274 0)
(1.01775 -0.0241892 0)
(1.0179 -0.0204208 0)
(1.01765 -0.0172289 0)
(1.0171 -0.0144869 0)
(1.01638 -0.0121166 0)
(1.01556 -0.0100368 0)
(1.01472 -0.00817638 0)
(1.01389 -0.00646877 0)
(1.01318 -0.00480106 0)
(1.01268 -0.00289995 0)
(1.01149 -0.00151351 0)
(1.01125 -0.000589432 0)
)
;
    }
    procBoundary1to2
    {
        type            processor;
        value           nonuniform List<vector> 
63
(
(0.965197 0.19406 4.28019e-20)
(0.251418 0.343918 5.55977e-20)
(0.965197 0.19406 4.28019e-20)
(1.08267 0.130297 -1.11048e-19)
(1.24075 -0.0132871 6.03394e-20)
(1.24075 -0.0132871 6.03394e-20)
(1.19261 -0.0430871 -7.60323e-21)
(1.18376 -0.0797424 -2.61281e-20)
(1.18376 -0.0797424 -2.61281e-20)
(1.21565 -0.082584 4.01962e-20)
(1.23985 -0.0986591 -3.13296e-20)
(1.15114 -0.10303 2.7148e-20)
(1.15114 -0.10303 2.7148e-20)
(1.17364 -0.0962187 -9.62161e-21)
(1.19449 -0.078054 -2.42015e-21)
(1.14711 -0.0984065 6.8254e-21)
(0.162503 0.839287 -4.75043e-20)
(0.162503 0.839287 -4.75043e-20)
(0.105011 0.67466 4.35646e-20)
(0.0251338 0.674738 -2.70965e-19)
(-0.0595236 0.688796 -6.37075e-20)
(-0.16408 0.660394 -6.67341e-20)
(-0.16408 0.660394 -6.67341e-20)
(-0.328626 0.551029 3.58893e-19)
(-0.328626 0.551029 3.58893e-19)
(-0.507256 0.472137 -2.40219e-19)
(-0.507256 0.472137 -2.40219e-19)
(-0.502765 0.424189 -4.08512e-20)
(-0.502765 0.424189 -4.08512e-20)
(-0.35073 0.377359 -4.62487e-20)
(-0.35073 0.377359 -4.62487e-20)
(0.251418 0.343918 5.55977e-20)
(1.14711 -0.0984065 6.8254e-21)
(1.14374 -0.0865077 -4.09159e-22)
(1.14463 -0.0748362 -1.72065e-21)
(1.13901 -0.067525 -2.75746e-21)
(1.12934 -0.0618059 3.83657e-22)
(1.12213 -0.0586752 -3.61135e-21)
(1.1128 -0.0536445 1.0391e-20)
(1.09958 -0.0440147 -7.32823e-21)
(1.08883 -0.0379862 1.09265e-20)
(1.08148 -0.0339788 3.12314e-21)
(1.08148 -0.0339788 3.12314e-21)
(1.07728 -0.0292237 2e-21)
(1.06825 -0.0278845 -4.0431e-22)
(1.05977 -0.0271479 8.32958e-21)
(1.05109 -0.0251061 -7.03173e-21)
(1.04394 -0.0226187 -7.91391e-21)
(1.0389 -0.0201941 8.60544e-21)
(1.03491 -0.0177292 -9.69645e-21)
(1.03181 -0.015438 6.35887e-21)
(1.02932 -0.0132705 2.08647e-21)
(1.02707 -0.0112762 -1.75959e-21)
(1.0248 -0.00955106 4.96308e-22)
(1.02292 -0.00821245 1.19763e-21)
(1.02115 -0.00702856 -2.0006e-22)
(1.01949 -0.00593898 -2.23697e-21)
(1.01826 -0.00500687 1.55845e-21)
(1.01714 -0.00407381 -5.24327e-22)
(1.01624 -0.00323888 3.81287e-22)
(1.0156 -0.00216808 -6.95684e-22)
(1.01517 -0.00129502 -7.23094e-22)
(1.0149 -0.000567653 -1.96141e-21)
)
;
    }
    procBoundary1to5
    {
        type            processor;
        value           nonuniform List<vector> 
20
(
(0.109558 0.6868 8.85567e-21)
(0.128586 1.01673 -4.57943e-20)
(0.174238 0.937922 -3.14082e-20)
(0.821573 0.0579766 4.36961e-21)
(0.805399 0.0637072 3.63159e-21)
(0.787025 0.0695111 -7.08524e-21)
(0.766037 0.0755343 6.40049e-21)
(0.742789 0.0818499 4.43529e-22)
(0.716524 0.0887904 -1.06263e-20)
(0.687431 0.0963617 1.71144e-20)
(0.654714 0.104916 -1.79372e-20)
(0.618157 0.113978 3.53587e-20)
(0.576653 0.124095 -2.28802e-20)
(0.530459 0.135467 4.06067e-21)
(0.477029 0.147052 1.48533e-20)
(0.417337 0.160118 -1.06729e-20)
(0.346855 0.176304 -1.46839e-20)
(0.269214 0.191837 1.25267e-20)
(0.172456 0.211275 -1.76536e-20)
(0.05964 0.192473 5.62476e-21)
)
;
    }
}


// ************************************************************************* //
